byte offset: 0
first index: 0
index count: 8037
topology: trianglelist
format: DXGI_FORMAT_R16_UINT

0 1 2
0 2 3
3 2 4
3 4 5
5 4 6
5 6 7
8 7 6
8 9 7
10 1 0
10 11 1
12 11 10
12 13 11
14 13 12
14 15 13
14 16 15
14 17 16
18 9 8
18 19 9
20 19 18
20 18 21
22 20 21
22 23 20
23 22 24
23 24 25
25 24 26
17 26 16
25 26 27
17 27 26
15 28 13
16 28 15
26 28 16
24 28 26
22 28 24
28 22 21
18 28 21
13 28 11
28 18 8
28 8 6
4 28 6
2 28 4
1 28 2
11 28 1
29 30 31
29 31 32
30 33 31
30 34 33
34 35 33
34 36 35
35 36 37
35 37 38
39 29 32
39 32 40
41 39 40
41 40 42
43 41 42
43 42 44
43 44 45
43 45 46
38 37 47
38 47 48
49 48 47
49 50 48
50 49 51
50 51 52
51 53 52
51 54 53
54 55 53
46 45 55
54 56 55
46 55 56
44 57 45
42 57 44
50 57 48
57 50 52
53 57 52
55 57 53
45 57 55
40 57 42
32 57 40
31 57 32
33 57 31
35 57 33
57 35 38
57 38 48
58 59 60
58 60 61
61 60 62
60 63 62
60 64 63
64 65 63
64 66 65
67 65 66
67 68 65
67 69 68
66 64 70
64 60 70
60 59 71
59 72 71
71 72 73
71 73 74
75 71 74
60 71 75
60 75 70
76 73 72
76 72 77
76 77 78
79 77 72
79 80 77
59 79 72
81 78 77
81 77 82
83 81 82
84 83 82
84 85 83
86 85 84
86 84 87
83 88 81
81 88 89
81 89 90
90 89 91
90 91 92
92 91 93
92 93 94
95 94 93
95 93 96
97 95 96
97 96 98
99 97 98
99 98 100
98 96 101
96 102 101
91 102 93
96 103 102
98 101 104
100 98 104
100 104 105
90 92 106
106 92 107
107 92 94
106 107 108
107 109 108
78 108 109
78 106 108
109 110 78
110 111 78
107 112 109
112 107 113
112 113 114
109 115 110
109 116 115
112 116 109
112 117 116
117 112 114
117 114 118
116 119 115
119 116 120
117 120 116
117 121 120
121 117 118
121 118 122
120 123 119
120 124 123
121 124 120
121 125 124
125 121 122
125 122 126
124 127 123
128 127 124
128 124 125
129 128 125
129 125 126
129 126 130
131 126 132
133 134 135
133 135 136
137 134 133
138 134 137
138 139 134
140 139 138
140 138 141
142 140 141
142 141 143
142 143 144
136 135 145
136 145 146
146 145 147
146 147 148
147 87 148
147 149 87
140 150 151
151 150 152
150 153 152
152 153 154
152 154 155
155 154 156
155 156 157
157 156 158
157 158 159
158 149 159
158 160 149
153 161 162
162 161 163
162 163 164
165 164 163
165 166 164
165 167 166
167 165 168
167 168 169
169 170 167
171 170 169
171 169 172
172 173 171
172 174 173
169 168 175
169 175 176
172 169 176
172 176 177
177 174 172
177 178 174
176 175 179
179 180 176
177 176 180
177 180 181
181 178 177
181 182 178
180 179 183
180 183 184
181 180 184
181 184 185
185 182 181
185 186 182
184 183 187
188 185 184
188 184 187
189 185 188
189 186 185
189 190 186
191 192 186
193 194 195
193 195 196
58 193 196
58 196 197
194 198 195
194 87 198
199 200 160
199 160 201
99 160 166
99 166 167
167 97 99
167 202 97
97 202 95
202 171 95
202 170 171
170 202 167
173 95 171
173 94 95
203 99 100
203 100 204
100 205 204
100 105 205
107 94 113
206 207 149
206 149 208
89 209 210
89 210 91
210 102 91
88 209 89
88 211 209
212 211 88
83 212 88
80 84 213
80 213 214
81 90 106
81 106 78
215 216 217
215 217 218
216 219 217
217 219 220
217 220 221
221 220 222
221 222 223
224 223 222
224 222 225
224 225 226
223 227 221
221 227 217
217 228 218
218 228 229
228 230 229
228 231 230
232 231 228
217 232 228
217 227 232
218 229 233
233 229 234
233 234 235
236 234 229
236 229 230
236 237 234
238 234 237
238 239 234
240 239 238
241 239 240
241 240 242
243 241 242
243 244 241
240 238 245
238 246 245
238 247 246
247 248 246
247 249 248
249 250 248
249 251 250
252 250 251
252 253 250
254 253 252
254 255 253
256 255 254
256 257 255
255 258 253
253 258 259
248 250 259
253 259 260
255 261 258
257 261 255
257 262 261
247 263 249
263 264 249
264 251 249
263 265 264
264 265 266
266 265 237
237 265 263
266 237 267
267 268 266
264 266 269
269 270 264
269 271 270
266 268 272
266 272 273
269 266 273
269 273 274
274 271 269
274 275 271
273 272 276
276 277 273
274 273 277
274 277 278
278 275 274
278 279 275
277 276 280
277 280 281
278 277 281
278 281 282
282 279 278
282 283 279
281 280 284
285 282 281
285 281 284
286 282 285
286 283 282
286 287 283
288 289 283
290 291 292
290 292 293
294 290 293
295 294 293
295 293 296
297 295 296
297 298 295
299 298 297
299 300 298
299 301 300
291 302 292
291 303 302
303 304 302
303 305 304
304 305 244
304 244 306
297 307 308
307 309 308
308 309 310
309 311 310
309 312 311
312 313 311
312 314 313
314 315 313
314 316 315
315 316 306
315 306 317
310 318 319
318 320 319
318 321 320
322 320 321
322 321 323
322 323 324
322 324 325
325 326 322
324 327 325
328 325 327
328 329 325
329 328 330
329 330 331
325 332 326
325 333 332
329 333 325
329 334 333
334 329 331
334 331 335
333 336 332
336 333 337
334 337 333
334 338 337
338 334 335
338 335 339
337 340 336
337 341 340
338 341 337
338 342 341
342 338 339
342 339 343
341 344 340
345 344 341
345 341 342
346 345 342
346 342 343
346 343 347
348 343 349
350 351 352
350 352 353
215 351 350
215 354 351
353 352 355
353 355 244
356 357 317
356 317 358
256 323 317
256 324 323
324 256 254
324 254 359
254 252 359
359 252 328
359 328 327
327 324 359
330 328 252
330 252 251
360 257 256
360 361 257
257 361 362
257 362 262
264 270 251
363 364 306
363 306 365
246 366 367
246 248 366
366 248 259
245 246 367
245 367 368
369 245 368
240 245 369
235 370 371
235 371 241
238 237 263
238 263 247
372 373 374
372 374 375
373 376 374
373 377 376
378 372 375
378 375 379
377 380 376
377 381 380
382 383 384
382 384 385
386 382 385
386 385 387
388 386 387
388 387 389
390 388 389
390 389 391
392 393 394
392 394 395
394 396 395
395 396 397
395 397 398
397 399 398
400 393 392
400 401 393
402 403 400
404 402 400
404 405 402
406 405 404
406 407 405
408 407 406
408 409 407
410 411 412
410 412 413
412 411 414
411 415 414
411 416 415
415 416 417
418 410 413
418 413 419
420 418 421
420 421 422
423 420 422
423 422 424
425 423 424
425 424 426
421 427 428
429 430 431
429 431 432
432 431 433
432 433 434
435 430 429
435 436 430
434 433 437
434 437 438
439 440 441
439 441 442
443 440 439
443 444 440
445 444 443
445 446 444
447 446 445
447 448 446
449 450 451
452 449 451
449 452 453
454 455 452
451 454 456
453 456 457
456 458 457
459 458 456
459 456 460
460 456 461
462 461 456
463 462 452
455 464 452
465 466 452
467 456 466
468 456 467
469 456 470
470 452 471
472 471 452
472 473 474
452 475 473
456 473 472
476 475 452
476 477 475
476 452 478
478 456 479
480 481 482
480 483 481
484 485 486
487 485 484
484 488 487
489 487 490
485 491 489
488 492 491
491 492 493
494 491 493
494 495 491
494 496 491
496 497 491
494 491 498
499 491 497
500 487 499
499 497 501
490 487 502
503 487 504
505 504 491
506 505 491
507 508 487
507 487 509
507 509 510
487 511 509
491 512 511
512 513 511
512 487 514
515 514 487
516 515 491
508 517 491
518 519 520
518 520 521
522 523 524
522 524 525
523 522 526
526 527 523
527 526 528
527 528 529
524 530 531
532 531 533
534 535 531
530 536 535
535 536 537
535 537 538
538 537 539
539 540 538
540 539 541
540 541 542
541 543 542
544 545 546
544 546 547
547 548 544
548 547 549
549 550 548
549 551 550
546 552 553
554 555 552
556 552 557
553 557 558
557 559 558
557 560 559
560 561 559
561 560 562
562 563 561
562 564 563
563 564 565
566 567 568
569 567 566
569 570 567
571 570 569
571 572 570
573 572 571
573 574 572
575 574 573
575 576 574
566 568 577
578 579 580
580 579 581
580 581 582
582 581 583
582 583 584
584 583 585
584 585 586
586 585 587
586 587 588
589 578 580
590 591 592
593 591 590
593 590 594
595 593 594
595 594 596
597 595 596
597 596 598
591 599 600
591 600 601
599 602 600
599 603 602
602 603 604
603 605 604
603 606 605
605 606 607
608 609 610
608 610 611
611 612 608
612 611 613
613 614 612
613 615 614
610 616 617
618 619 616
620 616 621
617 621 622
621 623 622
621 624 623
624 625 623
625 624 626
626 627 625
626 628 627
627 628 629
630 631 632
633 634 630
635 634 633
635 636 634
637 636 635
637 638 636
633 630 639
639 640 641
639 641 642
642 641 643
642 643 644
643 645 644
644 645 646
644 646 647
646 648 647
649 650 651
649 651 652
650 649 653
653 654 650
654 653 655
654 655 656
651 657 658
659 658 660
661 662 658
657 663 662
662 663 664
662 664 665
665 664 666
666 667 665
667 666 668
667 668 669
668 670 669
671 672 673
671 673 674
675 671 674
675 674 676
677 675 676
677 676 678
679 677 678
679 678 680
681 679 680
681 680 682
683 684 685
684 686 685
684 687 686
684 688 687
688 689 687
688 690 689
690 691 689
690 692 691
692 693 691
692 694 693
695 696 697
695 697 698
699 696 695
696 699 700
696 700 701
702 696 701
702 703 696
704 697 696
704 696 703
702 701 705
705 701 700
702 705 706
707 706 705
707 705 708
709 708 705
709 710 708
711 709 705
705 700 711
712 713 714
712 714 715
716 715 714
716 717 718
719 718 717
719 717 720
721 722 723
723 722 724
723 724 725
726 724 722
726 727 728
726 728 729
730 729 728
730 731 729
732 730 728
733 732 728
734 733 728
734 728 735
733 736 732
737 735 726
734 735 737
734 737 738
738 739 734
739 738 740
734 741 742
734 742 743
743 742 744
743 744 745
745 746 743
745 747 746
741 740 748
741 748 742
742 748 749
742 749 744
746 750 736
750 746 751
751 746 747
751 747 752
753 743 746
746 736 753
753 754 743
740 755 748
748 755 756
748 756 749
755 757 756
755 758 757
758 759 757
759 760 757
760 761 757
761 762 757
762 761 763
763 761 764
765 763 764
765 764 766
767 765 766
767 766 768
768 766 769
770 763 765
771 770 765
772 770 771
772 771 773
771 765 774
775 763 770
775 770 772
762 763 775
767 768 776
768 777 776
777 768 769
767 776 778
779 778 776
779 780 778
781 779 776
777 781 776
777 782 781
783 782 777
777 769 783
784 783 769
784 785 783
786 783 785
786 785 787
788 783 786
783 788 782
784 789 790
791 790 789
792 790 791
791 789 793
794 793 789
794 789 795
784 795 789
796 794 795
797 798 784
797 799 798
800 798 799
800 801 798
802 803 797
802 804 803
804 805 803
805 806 803
804 807 805
802 808 809
802 809 810
810 809 811
810 811 812
808 813 814
808 814 815
816 815 814
816 814 817
813 818 819
820 819 818
821 820 818
820 822 819
823 819 822
823 824 819
813 819 824
825 824 823
813 826 827
813 827 828
829 828 827
829 830 828
831 829 827
827 832 831
827 833 832
833 827 826
833 834 832
833 835 834
834 835 836
836 835 837
836 837 838
839 835 833
833 826 839
839 826 840
841 839 840
841 837 835
841 835 839
841 840 842
842 840 843
842 843 844
845 842 844
846 842 845
847 846 845
847 848 846
846 849 842
850 847 845
850 845 844
844 843 851
852 846 848
852 853 846
854 853 852
855 854 852
854 856 853
857 853 856
857 858 853
853 858 846
859 858 857
860 850 844
860 844 851
851 861 860
862 861 851
863 861 862
864 861 863
865 861 864
865 866 861
867 866 865
868 867 865
869 867 868
869 870 867
871 870 869
871 872 870
872 873 870
872 874 873
874 872 875
874 875 876
877 876 875
877 878 876
879 877 875
870 873 880
870 880 867
867 880 866
875 881 879
875 882 881
882 875 872
882 872 871
883 884 881
883 885 884
884 885 886
886 885 887
886 887 888
889 885 883
889 890 885
891 887 885
891 885 892
893 891 890
893 890 889
894 893 889
889 895 894
895 868 894
891 896 897
898 897 896
899 897 898
898 896 900
891 901 902
903 902 901
904 903 901
903 905 902
906 907 908
907 909 908
907 910 909
726 908 909
911 912 913
911 913 914
915 914 913
915 913 916
916 917 915
916 918 917
918 919 917
918 920 919
920 921 919
920 922 921
922 923 921
924 925 926
926 925 927
926 927 928
929 928 927
929 927 930
931 929 930
925 771 927
927 771 930
925 773 771
932 933 934
932 934 935
936 934 933
936 774 934
937 938 939
937 939 940
941 940 939
941 942 943
944 943 942
944 942 945
946 947 948
946 948 949
950 948 947
950 951 952
953 952 951
953 954 952
955 956 957
955 957 958
959 957 956
959 960 957
960 959 961
960 961 962
962 961 963
962 963 964
964 963 965
964 965 966
966 965 967
968 969 970
968 970 971
972 971 970
972 970 849
973 974 975
973 975 976
977 975 974
977 978 979
980 979 978
980 981 979
982 809 983
984 985 986
984 986 987
988 984 987
987 989 988
987 990 989
991 990 987
991 987 992
993 992 987
993 987 986
991 994 990
994 989 990
991 995 994
996 994 995
996 997 994
998 994 997
998 997 999
1000 994 998
994 1000 989
1001 1002 1003
1001 1003 1004
1005 1003 1002
1005 1006 1007
1005 1007 1008
1009 1008 1007
1009 1007 1010
1010 1007 1011
1011 1007 1012
1010 1011 1013
1014 1010 1013
1014 1013 1015
1015 1016 1014
1016 1017 1014
1016 1018 1017
1019 1014 1017
1019 1020 1014
1010 1014 1020
1010 1020 1009
1009 1020 1021
1009 1021 1022
1020 1019 1023
1020 1023 1021
1022 1021 1024
1022 1024 1025
1021 1023 1026
1021 1026 1024
1022 1025 1027
1022 1027 1028
1009 1022 1028
1028 1008 1009
1028 1005 1008
1025 1024 1029
1024 1026 1030
1024 1030 1029
1029 1030 1031
1029 1031 1032
1032 1031 1033
1005 1034 1035
1036 1035 1034
1036 1034 1037
1038 1035 1039
1005 1040 1041
1042 1041 1040
1042 1043 1041
1044 1045 1040
1046 1047 1030
1046 1048 1047
1047 1048 1049
1048 1050 1049
1048 1051 1050
1047 1049 1052
1049 1053 1052
1054 1053 1049
1055 1054 1050
1055 1056 1054
1054 1057 1053
1058 1057 1054
1058 1059 1057
1050 1054 1060
1058 1061 1059
1059 1061 1062
1058 1063 1061
1064 1061 1063
1064 1063 1065
1066 1061 1064
1062 1061 1066
1055 1067 1056
1055 1068 1067
1069 1067 1068
1069 1070 1067
1062 1066 1071
1072 1062 1071
1072 1071 1073
1073 1074 1072
1062 1072 1075
1062 1075 1076
1076 1075 1057
1077 1075 1078
1077 1078 1079
1080 1079 1078
1080 1081 1079
1082 1077 1083
1082 1083 1084
1085 1084 1083
1085 1083 1086
1077 1087 1088
1089 1088 1087
1089 1090 1088
1077 1091 1092
1093 1092 1091
1093 1091 1094
1095 1092 1096
1097 1098 1006
1097 1006 1099
1100 1101 1102
1100 1102 1103
1104 1103 1102
1105 1106 1107
1105 1107 1108
1109 1107 1106
1109 1110 1107
1110 1109 1111
1110 1111 1112
1112 1111 1113
1112 1113 1046
1114 1115 1116
1115 1117 1116
1115 1118 1117
1119 1117 1118
1119 1120 1117
1121 1120 1119
1116 1117 1122
1117 1120 1122
1116 1122 1123
1051 1123 1122
1051 1122 1050
1124 1125 1126
1124 1126 1127
1128 1126 1125
1128 1129 1130
1131 1130 1129
1131 1132 1130
1133 1134 1129
1135 1136 1137
1138 1136 1135
1138 1135 1139
1140 1136 1138
1140 1141 1136
1030 1047 1142
1052 1031 1047
1143 1031 1052
1144 1031 1143
1145 1146 1147
1145 1147 1148
1149 1148 1147
1149 1150 1151
1152 1151 1150
1152 1153 1151
1149 1151 1154
1153 1155 1151
1155 1156 1151
1153 1157 1155
1158 1157 1153
1158 1159 1157
1159 1158 1160
1160 1158 1161
1160 1161 1162
1163 1161 1158
1163 1158 1164
1153 1152 1164
1153 1164 1158
1152 1165 1164
1152 1166 1165
1164 1165 1167
1164 1167 1163
1166 1168 1165
1166 1169 1168
1165 1168 1170
1165 1170 1167
1166 1171 1169
1172 1171 1166
1172 1166 1152
1152 1150 1172
1172 1150 1149
1169 1173 1168
1168 1173 1174
1168 1174 1170
1173 1175 1174
1173 1176 1175
1176 1177 1175
1149 1178 1179
1180 1179 1178
1180 1181 1179
1182 1183 1178
1149 1184 1185
1186 1185 1184
1186 1184 1187
1188 1185 1189
1190 1174 1191
1190 1191 1192
1191 1193 1192
1192 1193 1194
1192 1194 1195
1195 1194 1196
1195 1196 1197
1198 1197 1196
1198 1196 1199
1200 1198 1199
1201 1198 1200
1200 1199 1202
1203 1202 1199
1203 1199 1204
1199 1196 1204
1205 1203 1204
1191 1206 1193
1193 1206 1207
1208 1193 1207
1208 1207 1209
1210 1208 1209
1210 1209 1211
1210 1211 1212
1211 1213 1212
1210 1212 1214
1215 1214 1212
1215 1216 1214
1217 1215 1212
1213 1217 1212
1213 1218 1217
1219 1218 1213
1219 1220 1218
1220 1219 1221
1213 1222 1219
1223 1209 1222
1213 1223 1222
1224 1225 1222
1224 1226 1225
1227 1225 1226
1227 1226 1228
1229 1230 1224
1229 1231 1230
1232 1230 1231
1232 1233 1230
1224 1234 1235
1236 1235 1234
1236 1234 1237
1224 1238 1239
1240 1239 1238
1240 1241 1239
1242 1243 1238
1244 1245 1154
1244 1154 1246
1247 1248 1249
1247 1249 1250
1251 1249 1248
1252 1253 1254
1252 1254 1255
1256 1255 1254
1256 1254 1257
1257 1258 1256
1257 1259 1258
1259 1260 1258
1259 1190 1260
1261 1262 1263
1261 1263 1264
1265 1263 1262
1265 1266 1263
1265 1267 1266
1265 1194 1267
1194 1268 1208
1269 1270 1271
1269 1271 1272
1273 1272 1271
1273 1274 1275
1276 1275 1274
1276 1274 1277
1278 1275 1279
1280 1281 1282
1280 1282 1283
1281 1284 1282
1281 1285 1284
1286 1287 1282
1174 1288 1191
1206 1191 1175
1289 1206 1175
1290 1289 1175
1291 1292 1293
1291 1293 1294
1295 1296 1297
1295 1297 1298
1299 1300 1301
1299 1301 1302
1303 1304 1305
1303 1305 1306
1307 1308 1309
1307 1309 1310
1311 1312 1313
1311 1313 1314
1315 1316 1317
1315 1317 1318
1319 1320 1321
1319 1321 1322
1323 1324 1325
1323 1325 1326
1323 1327 1324
1323 1328 1327
1329 1330 1331
1329 1331 1332
1333 1334 1335
1333 1335 1336
1337 1338 1339
1337 1339 1340
1341 1342 1343
1341 1343 1344
1345 1346 1347
1345 1347 1348
1349 1350 1351
1349 1351 1352
1353 1354 1355
1353 1355 1356
1357 1358 1359
1357 1359 1360
1361 1362 1363
1361 1363 1364
1361 1364 1365
1361 1365 1366
1367 1368 1369
1367 1369 1370
1371 1368 1367
1367 1370 1372
1373 1374 1367
1375 1373 1367
1367 1376 1375
1367 1377 1376
1378 1379 1380
1378 1381 1379
1382 1378 1380
1378 1383 1381
1384 1378 1385
1386 1378 1384
1378 1386 1387
1378 1387 1388
1389 1390 1391
1389 1391 1392
1391 1390 1393
1391 1393 1394
1395 1394 1393
1395 1393 1396
1389 1397 1390
1389 1398 1397
1399 1398 1389
1399 1400 1398
1390 1401 1393
1390 1402 1401
1393 1403 1396
1393 1404 1403
1399 1405 1400
1389 1392 1406
1389 1406 1399
1407 1399 1406
1407 1406 1408
1408 1409 1407
1410 1407 1409
1410 1409 1411
1412 1411 1409
1412 1413 1411
1414 1413 1412
1414 1412 1415
1414 1415 1416
1417 1414 1416
1417 1416 1418
1419 1417 1418
1419 1420 1417
1420 1421 1417
1417 1421 1414
1414 1421 1413
1420 1422 1421
1408 1423 1409
1423 1415 1412
1423 1412 1409
1410 1424 1407
1399 1407 1424
1425 1426 1427
1425 1427 1428
1429 1426 1425
1429 1430 1426
1431 1430 1429
1431 1432 1430
1433 1430 1432
1426 1430 1433
1433 1432 1434
1426 1433 1435
1427 1426 1435
1427 1435 1436
1432 1437 1434
1431 1437 1432
1431 1438 1437
1439 1438 1431
1425 1440 1429
1425 1441 1440
1441 1442 1440
1441 1443 1442
1444 1443 1441
1445 1443 1444
1444 1446 1445
1444 1447 1446
1445 1448 1443
1449 1447 1444
1449 1450 1447
1444 1441 1451
1449 1444 1451
1452 1442 1443
1452 1443 1448
1453 1442 1452
1453 1452 1454
1442 1453 1455
1442 1455 1456
1449 1457 1450
1449 1458 1457
1458 1449 1451
1459 1457 1458
1459 1460 1457
1459 1458 1461
1459 1461 1462
1461 1463 1462
1461 1464 1463
1464 1465 1463
1464 1466 1465
1467 1464 1461
1466 1464 1467
1467 1461 1468
1468 1461 1458
1468 1458 1451
1469 1467 1468
1467 1469 1470
1467 1470 1471
1471 1466 1467
1469 1468 1472
1471 1470 1473
1471 1473 1474
1471 1474 1466
1428 1472 1468
1428 1468 1451
1441 1428 1451
1441 1425 1428
1475 1469 1472
1469 1475 1476
1469 1476 1477
1469 1477 1470
1478 1477 1476
1479 1477 1478
1470 1477 1479
1473 1470 1479
1479 1478 1480
1478 1476 1481
1482 1481 1476
1475 1482 1476
1482 1483 1481
1482 1484 1483
1482 1485 1484
1481 1483 1486
1487 1486 1483
1487 1488 1486
1486 1488 1489
1486 1489 1490
1486 1490 1491
1486 1491 1492
1481 1486 1492
1492 1491 1493
1492 1493 1494
1494 1481 1492
1495 1490 1489
1495 1489 1496
1496 1497 1495
1498 1495 1497
1498 1497 1499
1500 1498 1499
1500 1501 1498
1498 1501 1502
1498 1502 1495
1490 1495 1502
1490 1502 1491
1500 1503 1501
1503 1502 1501
1500 1504 1503
1504 1505 1503
1503 1505 1502
1504 1506 1505
1507 1505 1506
1507 1508 1505
1502 1505 1508
1509 1494 1508
1509 1508 1510
1507 1510 1508
1502 1508 1491
1480 1494 1509
1480 1478 1494
1494 1478 1481
1511 1512 1513
1511 1513 1514
1511 1515 1512
1511 1516 1515
1517 1515 1516
1517 1516 1518
1517 1518 1519
1520 1514 1513
1521 1520 1513
1521 1522 1520
1523 1511 1514
1518 1516 1523
1516 1511 1523
1523 1514 1524
1520 1524 1514
1520 1525 1524
1526 1525 1520
1526 1520 1522
1527 1525 1526
1527 1528 1525
1525 1528 1529
1525 1529 1524
1529 1523 1524
1530 1529 1528
1530 1528 1531
1527 1531 1528
1532 1530 1531
1533 1530 1532
1533 1532 1534
1533 1534 1535
1533 1536 1530
1530 1536 1529
1533 1537 1536
1538 1534 1532
1538 1532 1539
1532 1531 1539
1540 1529 1536
1541 1540 1536
1541 1542 1540
1543 1540 1542
1542 1544 1543
1542 1545 1544
1543 1546 1540
1541 1547 1542
1541 1548 1547
1549 1541 1536
1540 1546 1550
1540 1550 1529
1529 1550 1523
1544 1545 1551
1544 1551 1552
1552 1551 1553
1552 1553 1554
1553 1551 1555
1555 1551 1547
1555 1547 1548
1553 1555 1556
1557 1554 1553
1557 1558 1554
1559 1558 1557
1559 1557 1560
1561 1557 1553
1561 1553 1556
1557 1561 1562
1557 1562 1563
1559 1563 1564
1559 1564 1565
1563 1562 1566
1563 1566 1567
1568 1565 1564
1568 1569 1565
1567 1566 1570
1567 1570 1571
1572 1573 1574
1572 1427 1573
1575 1427 1572
1576 1575 1572
1572 1574 1576
1575 1428 1427
1575 1472 1428
1475 1472 1575
1575 1576 1475
1427 1436 1573
1574 1577 1576
1576 1577 1578
1577 1579 1578
1578 1579 1485
1485 1482 1578
1482 1580 1578
1576 1578 1580
1576 1580 1475
1482 1475 1580
1581 1582 1583
1581 1583 1584
1582 1585 1583
1582 1445 1585
1586 1581 1584
1586 1587 1581
1586 1588 1587
1586 1589 1588
1590 1587 1588
1590 1588 1591
1592 1591 1588
1592 1593 1591
1592 1594 1593
1592 1595 1594
1596 1588 1589
1597 1587 1590
1598 1597 1590
1599 1597 1598
1600 1599 1598
1600 1601 1599
1599 1602 1597
1602 1581 1597
1602 1603 1581
1448 1603 1602
1448 1445 1603
1604 1599 1601
1604 1452 1599
1452 1448 1602
1452 1602 1599
1600 1598 1605
1600 1605 1606
1605 1607 1606
1605 1608 1607
1605 1609 1608
1605 1590 1609
1608 1609 1610
1608 1610 1611
1612 1611 1610
1612 1613 1611
1607 1608 1614
1598 1590 1605
1615 1613 1614
1615 1614 1608
1616 1617 1618
1616 1618 1619
1620 1617 1616
1620 1621 1617
1622 1620 1616
1620 1622 1623
1623 1624 1620
1623 1625 1624
1626 1624 1625
1627 1626 1625
1623 1627 1625
1627 1628 1626
1623 1629 1627
1620 1624 1630
1620 1630 1550
1621 1620 1550
1631 1630 1624
1631 1624 1632
1632 1624 1626
1633 1619 1618
1627 1634 1628
1627 1635 1634
1636 1634 1635
1636 1635 1637
1638 1637 1635
1627 1629 1638
1627 1638 1635
1638 1639 1637
1637 1639 1640
1637 1640 1641
1641 1636 1637
1642 1641 1640
1641 1642 1643
1641 1643 1644
1641 1644 1636
1642 1640 1645
1643 1642 1646
1646 1642 1645
1643 1646 1647
1646 1645 1648
1649 1647 1646
1649 1650 1647
1646 1648 1651
1646 1651 1652
1633 1653 1654
1633 1654 1655
1656 1653 1633
1656 1657 1653
1633 1655 1619
1633 1658 1656
1633 1659 1658
1660 1658 1659
1660 1661 1658
1660 1546 1661
1660 1621 1546
1662 1661 1546
1653 1657 1663
1653 1663 1664
1664 1654 1653
1663 1665 1664
1665 1666 1664
1664 1666 1654
1665 1667 1666
1663 1668 1665
1665 1669 1667
1665 1670 1669
1671 1665 1668
1671 1668 1672
1670 1673 1669
1670 1674 1673
1671 1672 1675
1671 1675 1676
1546 1621 1677
1678 1679 1680
1678 1680 1681
1682 1679 1678
1682 1678 1683
1683 1684 1682
1683 1685 1684
1685 1686 1684
1685 1687 1686
1463 1680 1679
1463 1465 1680
1679 1682 1462
1679 1462 1463
1684 1686 1460
1684 1460 1459
1682 1684 1459
1682 1459 1462
1688 1687 1685
1688 1689 1687
1690 1689 1688
1690 1691 1689
1691 1690 1692
1693 1688 1685
1693 1685 1683
1694 1688 1693
1694 1693 1695
1694 1695 1696
1697 1696 1695
1697 1698 1696
1694 1696 1699
1694 1699 1700
1694 1701 1688
1702 1701 1694
1702 1703 1701
1704 1703 1702
1704 1705 1703
1698 1706 1696
1678 1695 1693
1678 1697 1695
1678 1693 1683
1678 1681 1697
1706 1707 1696
1707 1708 1700
1707 1709 1708
1706 1709 1707
1710 1705 1692
1710 1692 1690
1711 1712 1713
1711 1713 1714
1713 1715 1714
1713 1716 1715
1717 1711 1714
1717 1714 1456
1440 1714 1715
1456 1714 1440
1440 1715 1718
1719 1715 1716
1719 1718 1715
1719 1716 1720
1719 1721 1718
1429 1718 1721
1440 1718 1429
1429 1721 1722
1721 1723 1722
1721 1724 1723
1721 1725 1724
1721 1726 1725
1726 1721 1727
1728 1726 1727
1728 1727 1729
1728 1729 1730
1728 1731 1726
1725 1726 1731
1729 1727 1732
1732 1719 1733
1734 1733 1719
1734 1719 1735
1732 1733 1736
1729 1732 1736
1725 1731 1737
1737 1738 1725
1737 1739 1738
1740 1734 1735
1740 1741 1734
1741 1740 1742
1741 1742 1743
1740 1744 1742
1740 1745 1744
1746 1744 1745
1746 1745 1747
1748 1746 1747
1748 1747 1749
1712 1749 1747
1712 1747 1713
1713 1747 1745
1713 1745 1716
1720 1716 1745
1720 1745 1740
1744 1746 1750
1748 1750 1746
1744 1750 1751
1742 1744 1751
1751 1750 1752
1751 1752 1753
1753 1752 1754
1753 1754 1755
1756 1755 1754
1756 1754 1757
1758 1751 1753
1758 1753 1759
1755 1759 1753
1758 1759 1760
1758 1760 1761
1755 1762 1759
1760 1759 1763
1742 1751 1758
1743 1742 1758
1743 1758 1761
1764 1763 1759
1764 1755 1765
1764 1765 1766
1764 1766 1763
1767 1757 1768
1767 1768 1769
1770 1767 1769
1770 1769 1750
1770 1750 1771
1748 1771 1750
1543 1772 1773
1774 1775 1776
1774 1776 1777
1777 1776 1778
1777 1778 1779
1779 1778 1780
1779 1780 1781
1780 1782 1781
1728 1775 1774
1728 1730 1775
1783 1728 1774
1784 1783 1774
1784 1785 1783
1786 1783 1785
1786 1785 1787
1788 1786 1787
1788 1787 1789
1790 1789 1787
1790 1787 1785
1790 1791 1789
1791 1790 1792
1791 1792 1793
1794 1792 1790
1794 1790 1795
1790 1785 1795
1784 1795 1785
1779 1794 1795
1784 1779 1795
1779 1796 1794
1797 1794 1796
1797 1798 1794
1798 1792 1794
1799 1798 1797
1799 1797 1800
1799 1801 1798
1798 1801 1792
1799 1802 1801
1793 1792 1803
1801 1802 1804
1801 1804 1792
1782 1800 1805
1782 1805 1781
1806 1807 1808
1806 1808 1809
1807 1810 1808
1807 1811 1810
1808 1810 1812
1808 1812 1813
1812 1814 1813
1814 1815 1813
1815 1809 1808
1815 1808 1813
1814 1816 1815
1812 1817 1814
1814 1818 1816
1814 1819 1818
1820 1814 1817
1820 1817 1821
1535 1807 1806
1822 1818 1820
1822 1823 1818
1820 1821 1824
1820 1824 1822
1535 1534 1807
1811 1807 1534
1811 1534 1825
1826 1827 1828
1826 1828 1829
1830 1828 1827
1830 1831 1828
1518 1827 1826
1518 1832 1827
1827 1832 1630
1827 1630 1830
1830 1630 1833
1519 1518 1826
1630 1832 1550
1834 1829 1828
1834 1828 1835
1831 1835 1828
1834 1835 1836
1834 1836 1837
1838 1836 1835
1838 1835 1839
1831 1839 1835
1840 1837 1836
1840 1841 1837
1840 1842 1841
1840 1843 1842
1842 1843 1844
1842 1844 1845
1844 1843 1846
1844 1846 1847
1848 1846 1843
1848 1843 1840
1848 1840 1836
1848 1836 1838
1523 1550 1832
1518 1523 1832
1849 1723 1724
1849 1724 1850
1431 1723 1849
1431 1849 1439
1722 1723 1431
1724 1725 1850
1725 1738 1850
1429 1722 1431
1783 1731 1728
1783 1737 1731
1783 1786 1737
1739 1737 1786
1739 1786 1788
1442 1456 1440
1719 1851 1721
1851 1727 1721
1597 1581 1587
1596 1595 1852
1596 1852 1588
1853 1854 1855
1853 1855 1856
1857 1854 1853
1857 1858 1854
1859 1857 1853
1859 1860 1857
1861 1857 1860
1861 1862 1857
1862 1863 1857
1863 1858 1857
1862 1864 1863
1865 1864 1862
1865 1862 1861
1865 1866 1864
1867 1866 1865
1867 1868 1866
1869 1868 1867
1869 1870 1868
1871 1870 1869
1871 1872 1870
1865 1861 1873
1874 1871 1869
1874 1869 1875
1865 1873 1876
1865 1876 1867
1869 1867 1876
1869 1876 1875
1877 1878 1879
1877 1879 1880
1881 1878 1877
1881 1855 1878
1881 1877 1882
1881 1882 1883
1883 1853 1881
1883 1884 1853
1877 1880 1885
1877 1885 1882
1886 1887 1888
1886 1888 1889
1890 1891 1892
1890 1892 1893
1894 1895 1896
1894 1896 1897
1898 1899 1900
1898 1900 1901
1902 1903 1904
1902 1904 1905
1906 1907 1908
1906 1908 1909
1910 1911 1912
1910 1912 1913
1914 1915 1916
1914 1916 1917
1918 1919 1920
1918 1920 1921
1922 1923 1924
1922 1924 1925
1926 1927 1928
1926 1928 1929
1928 1930 1929
1928 1931 1930
1932 1930 1931
1932 1933 1930
1926 1929 1934
1926 1934 1935
1936 1926 1935
1936 1935 1937
1929 1930 1938
1929 1938 1939
1930 1933 1940
1930 1940 1941
1936 1937 1942
1926 1936 1943
1926 1943 1927
1944 1943 1936
1944 1945 1943
1945 1944 1946
1947 1946 1944
1947 1948 1946
1949 1946 1948
1949 1948 1950
1951 1949 1950
1951 1952 1949
1951 1953 1952
1954 1953 1951
1954 1955 1953
1956 1955 1954
1956 1954 1957
1957 1954 1958
1954 1951 1958
1951 1950 1958
1957 1958 1959
1945 1946 1960
1960 1946 1949
1960 1949 1952
1947 1944 1961
1936 1961 1944
1962 1963 1964
1962 1964 1965
1966 1962 1965
1966 1965 1967
1968 1966 1967
1968 1967 1969
1970 1969 1967
1965 1970 1967
1970 1971 1969
1965 1972 1970
1964 1972 1965
1964 1973 1972
1969 1971 1974
1968 1969 1974
1968 1974 1975
1976 1968 1975
1962 1966 1977
1962 1977 1978
1978 1977 1979
1978 1979 1980
1981 1978 1980
1982 1981 1980
1981 1982 1983
1981 1983 1984
1982 1980 1985
1986 1981 1984
1986 1984 1987
1981 1988 1978
1986 1988 1981
1989 1985 1980
1989 1980 1979
1990 1989 1979
1990 1991 1989
1979 1992 1990
1979 1993 1992
1986 1987 1994
1986 1994 1995
1995 1988 1986
1996 1995 1994
1996 1994 1997
1996 1998 1995
1996 1999 1998
1998 1999 2000
1998 2000 2001
2001 2000 2002
2001 2002 2003
2004 1998 2001
2003 2004 2001
2004 2005 1998
2005 1995 1998
2005 1988 1995
2006 2005 2004
2004 2007 2006
2004 2008 2007
2008 2004 2003
2006 2009 2005
2008 2010 2007
2008 2011 2010
2008 2003 2011
1963 1988 2005
1963 2005 2009
1978 1988 1963
1978 1963 1962
2012 2009 2006
2006 2013 2012
2006 2014 2013
2006 2007 2014
2015 2013 2014
2016 2015 2014
2007 2016 2014
2010 2016 2007
2016 2017 2015
2015 2018 2013
2019 2013 2018
2012 2013 2019
2019 2018 2020
2019 2020 2021
2019 2021 2022
2018 2023 2020
2024 2020 2023
2024 2023 2025
2023 2026 2025
2023 2027 2026
2023 2028 2027
2023 2029 2028
2018 2029 2023
2029 2030 2028
2029 2031 2030
2031 2029 2018
2032 2026 2027
2032 2033 2026
2033 2032 2034
2035 2034 2032
2035 2036 2034
2037 2036 2035
2037 2035 2038
2035 2032 2039
2035 2039 2038
2027 2028 2039
2027 2039 2032
2037 2038 2040
2040 2038 2039
2037 2040 2041
2041 2040 2042
2040 2039 2042
2041 2042 2043
2044 2043 2042
2044 2042 2045
2039 2045 2042
2046 2045 2031
2046 2047 2045
2044 2045 2047
2039 2028 2045
2017 2046 2031
2017 2031 2015
2031 2018 2015
2048 2049 2050
2048 2050 2051
2048 2051 2052
2048 2052 2053
2054 2053 2052
2054 2055 2053
2054 2056 2055
2057 2050 2049
2058 2050 2057
2058 2057 2059
2060 2049 2048
2055 2060 2053
2053 2060 2048
2060 2061 2049
2057 2049 2061
2057 2061 2062
2063 2059 2057
2063 2057 2062
2064 2063 2062
2064 2062 2065
2062 2061 2066
2062 2066 2065
2066 2061 2060
2067 2065 2066
2067 2068 2065
2064 2065 2068
2069 2068 2067
2070 2069 2067
2070 2071 2069
2070 2072 2071
2070 2067 2073
2067 2066 2073
2070 2073 2074
2075 2069 2071
2075 2076 2069
2069 2076 2068
2077 2073 2066
2078 2073 2077
2078 2077 2079
2080 2079 2077
2079 2080 2081
2079 2081 2082
2080 2077 2083
2078 2079 2084
2078 2084 2085
2086 2073 2078
2077 2087 2083
2077 2066 2087
2066 2060 2087
2081 2088 2082
2081 2089 2088
2089 2090 2088
2089 2091 2090
2090 2092 2088
2092 2085 2084
2092 2084 2088
2090 2093 2092
2094 2090 2091
2094 2091 2095
2096 2094 2095
2096 2097 2094
2098 2093 2090
2098 2090 2094
2094 2099 2098
2094 2100 2099
2096 2101 2100
2096 2102 2101
2100 2103 2099
2100 2104 2103
2105 2101 2102
2105 2102 2106
2104 2107 2103
2104 2108 2107
2109 2110 2111
2109 2111 1964
2112 2109 1964
2113 2109 2112
2109 2113 2110
2112 1964 1963
2112 1963 2009
2012 2112 2009
2112 2012 2113
1964 2111 1973
2110 2113 2114
2113 2115 2114
2114 2115 2116
2115 2022 2116
2022 2115 2019
2019 2115 2117
2113 2117 2115
2113 2012 2117
2019 2117 2012
2118 2119 2120
2118 2120 2121
2121 2120 2122
2121 2122 1982
2123 2119 2118
2123 2118 2124
2123 2124 2125
2123 2125 2126
2127 2125 2124
2127 2128 2125
2129 2125 2128
2129 2128 2130
2129 2130 2131
2129 2131 2132
2133 2126 2125
2134 2127 2124
2135 2127 2134
2136 2135 2134
2137 2135 2136
2137 2136 2138
2136 2134 2139
2139 2134 2118
2139 2118 2140
1985 2139 2140
1985 2140 1982
2141 2138 2136
2141 2136 1989
1989 2136 2139
1989 2139 1985
2137 2142 2135
2137 2143 2142
2142 2143 2144
2142 2144 2145
2142 2145 2146
2142 2146 2127
2145 2147 2146
2145 2148 2147
2149 2147 2148
2149 2148 2150
2144 2151 2145
2135 2142 2127
2152 2145 2151
2152 2151 2150
2153 2154 2155
2153 2155 2156
2157 2153 2156
2157 2156 2158
2159 2153 2157
2157 2160 2159
2160 2157 2161
2160 2161 2162
2163 2162 2161
2164 2162 2163
2160 2162 2164
2164 2163 2165
2160 2164 2166
2157 2167 2161
2157 2087 2167
2158 2087 2157
2168 2161 2167
2168 2169 2161
2169 2163 2161
2164 2165 2170
2164 2170 2171
2172 2171 2170
2172 2173 2171
2174 2171 2173
2164 2171 2174
2164 2174 2166
2174 2173 2175
2173 2176 2175
2173 2177 2176
2177 2173 2172
2178 2176 2177
2177 2179 2178
2177 2180 2179
2177 2172 2180
2178 2181 2176
2179 2182 2178
2182 2181 2178
2179 2183 2182
2182 2184 2181
2185 2182 2183
2185 2183 2186
2182 2187 2184
2182 2188 2187
2189 2190 2191
2189 2191 2192
2193 2189 2192
2193 2192 2194
2189 2154 2190
2189 2155 2154
2189 2193 2195
2189 2195 2196
2197 2196 2195
2197 2195 2198
2197 2198 2083
2197 2083 2158
2199 2083 2198
2192 2200 2194
2192 2201 2200
2201 2192 2191
2200 2201 2202
2202 2201 2203
2202 2203 2204
2200 2202 2205
2202 2204 2206
2202 2206 2207
2208 2205 2202
2208 2209 2205
2201 2191 2203
2207 2206 2210
2207 2210 2211
2208 2212 2209
2208 2213 2212
2214 2215 2216
2214 2216 2217
2218 2214 2217
2218 2219 2214
2219 2218 2220
2219 2220 2221
2221 2220 2222
2221 2222 2223
2000 2217 2216
2000 2216 2002
2217 2000 1999
2217 1999 2218
2220 1997 2222
2220 1996 1997
2218 1999 1996
2218 1996 2220
2224 2221 2223
2224 2223 2225
2226 2224 2225
2226 2225 2227
2227 2228 2226
2229 2219 2221
2229 2221 2224
2230 2229 2224
2230 2231 2229
2230 2232 2231
2233 2231 2232
2233 2232 2234
2230 2235 2232
2230 2236 2235
2230 2224 2237
2238 2230 2237
2238 2237 2239
2240 2238 2239
2240 2239 2241
2234 2232 2242
2214 2229 2231
2214 2231 2233
2214 2219 2229
2214 2233 2215
2242 2232 2243
2243 2236 2244
2243 2244 2245
2242 2243 2245
2246 2228 2241
2246 2226 2228
2247 2248 2249
2247 2249 2250
2249 2248 2251
2249 2251 2252
2253 2248 2247
2253 1993 2248
1977 2251 2248
1993 1977 2248
1977 2254 2251
2255 2252 2251
2255 2251 2254
2255 2256 2252
2255 2254 2257
1966 2257 2254
1977 1966 2254
1966 2258 2257
2257 2258 2259
2257 2259 2260
2257 2260 2261
2257 2261 2262
2262 2263 2257
2264 2263 2262
2264 2265 2263
2264 2266 2265
2264 2262 2267
2261 2267 2262
2265 2268 2263
2268 2269 2255
2270 2255 2269
2270 2271 2255
2268 2272 2269
2265 2272 2268
2261 2273 2267
2273 2261 2274
2273 2274 2275
2276 2271 2270
2276 2270 2277
2277 2278 2276
2277 2279 2278
2276 2278 2280
2276 2280 2281
2282 2281 2280
2282 2283 2281
2284 2283 2282
2284 2285 2283
2250 2283 2285
2250 2249 2283
2249 2281 2283
2249 2252 2281
2256 2276 2281
2256 2281 2252
2280 2286 2282
2284 2282 2286
2280 2287 2286
2278 2287 2280
2287 2288 2286
2287 2289 2288
2289 2290 2288
2289 2291 2290
2292 2290 2291
2292 2293 2290
2294 2289 2287
2294 2295 2289
2291 2289 2295
2294 2296 2295
2294 2297 2296
2291 2295 2298
2296 2299 2295
2278 2294 2287
2279 2297 2294
2279 2294 2278
2300 2295 2299
2300 2301 2291
2300 2302 2301
2300 2299 2302
2303 2304 2293
2303 2305 2304
2306 2305 2303
2306 2286 2305
2306 2307 2286
2284 2286 2307
2080 2308 2309
2310 2311 2312
2310 2312 2313
2311 2314 2312
2311 2315 2314
2315 2316 2314
2315 2317 2316
2316 2317 2318
2264 2310 2313
2264 2313 2266
2319 2310 2264
2320 2310 2319
2320 2319 2321
2322 2321 2319
2322 2323 2321
2324 2323 2322
2324 2325 2323
2326 2323 2325
2326 2321 2323
2326 2325 2327
2327 2328 2326
2327 2329 2328
2330 2326 2328
2330 2331 2326
2326 2331 2321
2320 2321 2331
2315 2331 2330
2320 2331 2315
2315 2330 2332
2333 2332 2330
2333 2330 2334
2334 2330 2328
2335 2333 2334
2335 2336 2333
2335 2334 2337
2334 2328 2337
2335 2337 2338
2329 2339 2328
2337 2328 2340
2337 2340 2338
2318 2341 2336
2318 2317 2341
2342 2343 2344
2342 2344 2345
2345 2344 2346
2345 2346 2347
2344 2348 2346
2344 2349 2348
2348 2349 2350
2350 2349 2351
2351 2349 2344
2351 2344 2343
2350 2351 2352
2348 2350 2353
2350 2352 2354
2350 2354 2355
2356 2353 2350
2356 2357 2353
2072 2342 2345
2072 2345 2071
2347 2071 2345
2347 2358 2071
2359 2356 2354
2359 2354 2360
2356 2359 2361
2356 2361 2357
2362 2363 2364
2362 2364 2365
2366 2365 2364
2366 2364 2367
2055 2362 2365
2055 2365 2368
2365 2366 2167
2365 2167 2368
2366 2369 2167
2056 2362 2055
2167 2087 2368
2370 2364 2363
2370 2371 2364
2367 2364 2371
2370 2372 2371
2370 2373 2372
2374 2371 2372
2374 2375 2371
2367 2371 2375
2376 2372 2373
2376 2373 2377
2376 2377 2378
2376 2378 2379
2378 2380 2379
2378 2381 2380
2380 2382 2379
2380 2383 2382
2384 2376 2379
2384 2379 2382
2384 2374 2372
2384 2372 2376
2060 2368 2087
2055 2368 2060
2385 2386 2260
2385 2260 2259
1968 2385 2259
1968 1976 2385
2258 1968 2259
2260 2386 2261
2261 2386 2274
1966 1968 2258
2319 2264 2267
2319 2267 2273
2319 2273 2322
2275 2322 2273
2275 2324 2322
1979 1977 1993
2255 2257 2387
2387 2257 2263
2134 2124 2118
2083 2388 2158
2133 2125 2389
2133 2389 2132
2390 2391 2392
2390 2392 2393
2394 2390 2393
2394 2393 2395
2396 2390 2394
2396 2394 2397
2398 2397 2394
2398 2394 2399
2399 2394 2400
2400 2394 2395
2399 2400 2401
2402 2399 2401
2402 2398 2399
2402 2401 2403
2404 2402 2403
2404 2403 2405
2406 2404 2405
2406 2405 2407
2408 2406 2407
2408 2407 2409
2402 2410 2398
2411 2406 2408
2411 2412 2406
2402 2404 2413
2402 2413 2410
2406 2412 2413
2406 2413 2404
2414 2415 2416
2414 2416 2417
2418 2414 2417
2418 2417 2392
2418 2419 2414
2418 2420 2419
2420 2418 2390
2420 2390 2421
2414 2419 2422
2414 2422 2415
2423 2424 2425
2423 2425 2426
2427 2428 2429
2427 2429 2430
2431 2432 2433
2431 2433 2434
2435 2436 2437
2435 2437 2438
2439 2440 2441
2439 2441 2442
2443 2444 2445
2443 2445 2446
2447 2448 2449
2447 2449 2450
2451 2452 2453
2451 2453 2454
2455 2456 2457
2455 2457 2458
2459 2460 2461
2459 2461 2462
