byte offset: 0
first index: 42984
index count: 1368
topology: trianglelist
format: DXGI_FORMAT_R16_UINT

13779 13780 13781
13779 13781 13782
13779 13783 13780
13780 13783 13784
13779 13785 13783
13782 13786 13779
13786 13785 13779
13782 13787 13786
13788 13786 13787
13788 13789 13786
13790 13786 13789
13790 13791 13786
13786 13791 13785
13792 13789 13788
13792 13793 13789
13790 13789 13793
13790 13793 13794
13795 13793 13792
13795 13792 13796
13797 13794 13793
13797 13793 13795
13780 13784 13798
13780 13798 13799
13800 13799 13798
13801 13799 13800
13801 13800 13802
13800 13798 13803
13781 13780 13799
13781 13799 13801
13804 13802 13800
13804 13805 13802
13800 13803 13806
13800 13806 13804
13807 13805 13804
13807 13804 13806
13807 13808 13805
13809 13808 13807
13809 13810 13808
13810 13809 13811
13810 13811 13812
13813 13812 13811
13813 13811 13814
13815 13813 13814
13815 13814 13816
13807 13806 13817
13807 13817 13818
13809 13807 13818
13811 13809 13819
13809 13818 13819
13811 13819 13820
13814 13811 13820
13814 13820 13821
13814 13822 13816
13814 13823 13822
13824 13825 13826
13827 13824 13826
13827 13826 13828
13829 13828 13826
13829 13826 13830
13831 13827 13828
13828 13829 13832
13831 13828 13832
13829 13830 13833
13833 13830 13834
13826 13825 13834
13826 13834 13830
13833 13834 13835
13829 13833 13836
13837 13824 13827
13837 13827 13831
13837 13838 13824
13839 13838 13837
13839 13840 13838
13841 13840 13839
13839 13837 13842
13831 13842 13837
13839 13842 13843
13843 13841 13839
13842 13844 13843
13842 13845 13844
13831 13832 13845
13831 13845 13842
13846 13844 13845
13843 13844 13847
13848 13847 13844
13848 13849 13847
13849 13848 13850
13851 13847 13849
13851 13849 13850
13851 13852 13847
13853 13847 13852
13843 13847 13853
13853 13852 13854
13854 13855 13853
13843 13853 13855
13843 13855 13841
13852 13856 13854
13852 13857 13856
13852 13851 13858
13852 13858 13857
13851 13859 13858
13859 13860 13858
13859 13861 13860
13862 13861 13859
13862 13863 13861
13858 13860 13864
13858 13864 13865
13858 13865 13857
13866 13862 13859
13867 13862 13866
13867 13868 13862
13863 13862 13868
13866 13869 13867
13866 13870 13869
13871 13870 13866
13866 13859 13871
13871 13850 13870
13851 13871 13859
13851 13850 13871
13868 13867 13872
13872 13867 13869
13873 13872 13869
13868 13872 13874
13875 13868 13874
13875 13876 13868
13863 13868 13876
13873 13877 13872
13877 13878 13872
13872 13878 13874
13877 13879 13878
13878 13879 13880
13878 13880 13881
13874 13878 13882
13874 13882 13875
13883 13880 13879
13883 13879 13884
13885 13876 13875
13885 13886 13876
13880 13887 13881
13880 13888 13887
13888 13880 13883
13888 13883 13889
13890 13876 13886
13890 13863 13876
13863 13890 13891
13863 13891 13861
13861 13891 13892
13861 13892 13860
13860 13892 13893
13860 13893 13864
13894 13886 13885
13894 13895 13886
13890 13896 13891
13890 13897 13896
13897 13890 13886
13897 13886 13895
13891 13896 13898
13891 13898 13892
13892 13898 13899
13892 13899 13893
13900 13888 13889
13888 13900 13901
13888 13901 13887
13900 13889 13902
13903 13895 13894
13903 13894 13904
13897 13905 13896
13897 13906 13905
13906 13897 13895
13896 13905 13907
13896 13907 13898
13898 13907 13899
13900 13908 13901
13900 13909 13908
13902 13910 13900
13909 13900 13910
13902 13911 13910
13904 13912 13903
13904 13913 13912
13907 13905 13914
13909 13915 13908
13909 13916 13915
13917 13910 13911
13917 13918 13910
13909 13910 13918
13909 13918 13916
13919 13916 13918
13919 13918 13920
13917 13920 13918
13913 13921 13912
13913 13922 13921
13916 13919 13923
13916 13923 13915
13923 13919 13924
13923 13924 13925
13917 13926 13920
13912 13921 13927
13912 13927 13928
13927 13929 13928
13927 13930 13929
13927 13931 13930
13906 13928 13929
13906 13932 13928
13906 13895 13932
13912 13928 13932
13912 13932 13903
13903 13932 13895
13905 13906 13929
13905 13929 13914
13929 13933 13914
13930 13933 13929
13931 13934 13930
13934 13933 13930
13935 13936 13937
13935 13937 13938
13939 13936 13935
13939 13940 13936
13939 13941 13940
13939 13942 13941
13936 13943 13937
13936 13944 13943
13940 13944 13936
13941 13945 13940
13940 13945 13944
13941 13946 13945
13941 13942 13947
13941 13947 13948
13946 13941 13948
13949 13938 13937
13949 13950 13938
13951 13950 13949
13951 13949 13952
13949 13953 13952
13949 13954 13953
13946 13948 13955
13954 13949 13937
13954 13937 13943
13944 13956 13943
13944 13957 13956
13945 13957 13944
13946 13958 13945
13945 13958 13957
13946 13959 13958
13959 13946 13955
13954 13960 13953
13954 13961 13960
13959 13955 13962
13961 13954 13943
13961 13943 13956
13957 13963 13956
13957 13964 13963
13958 13964 13957
13959 13965 13958
13958 13965 13964
13959 13966 13965
13966 13959 13962
13961 13967 13960
13961 13968 13967
13968 13961 13956
13968 13956 13963
13966 13962 13969
13964 13970 13963
13964 13971 13970
13972 13965 13966
13972 13966 13969
13972 13973 13965
13974 13967 13968
13974 13968 13963
13974 13963 13970
13975 13974 13970
13975 13970 13976
13971 13976 13970
13974 13977 13967
13978 13971 13964
13978 13964 13979
13971 13980 13976
13972 13981 13973
13972 13982 13981
13982 13972 13983
13972 13969 13983
13982 13983 13984
13982 13985 13981
13985 13986 13981
13974 13975 13987
13974 13987 13977
13975 13988 13987
13988 13989 13987
13978 13990 13991
13990 13992 13991
13978 13991 13971
13993 13994 13995
13993 13995 13996
13994 13997 13995
13994 13998 13997
13999 13996 13995
13999 14000 13996
14001 13999 13995
14001 13995 13997
13998 14002 13997
13998 14003 14002
14004 14001 13997
14004 13997 14002
14003 14005 14002
14003 14006 14005
14007 14004 14002
14007 14002 14005
14006 14008 14005
14007 14005 14008
14006 14009 14008
14009 14010 14008
14010 14011 14008
14007 14008 14011
14010 14012 14011
14009 14013 14010
14000 14014 14015
14000 14015 14016
14016 14015 14017
14016 14017 14018
14014 14019 14015
14014 14020 14019
14015 14019 14021
14015 14021 14017
14020 14022 14019
14020 14023 14022
14019 14022 14024
14019 14024 14021
14023 14025 14022
14023 14026 14025
14022 14025 14027
14022 14027 14024
14026 14028 14025
14028 14027 14025
14026 14029 14028
14028 14030 14027
14029 14031 14028
14029 14032 14031
14028 14031 14033
14028 14033 14030
14018 14034 14035
14034 14036 14035
14034 14037 14036
14038 14035 14036
14038 14039 14035
14039 14040 14035
14018 14035 14040
14039 13947 14040
14037 14041 14036
14037 14042 14041
14043 14038 14036
14043 14036 14041
14042 14044 14041
14042 14045 14044
14046 14043 14041
14046 14041 14044
14045 14047 14044
14045 14048 14047
14048 14049 14047
14049 14050 14047
14050 14046 14044
14050 14044 14047
14049 14051 14050
14048 14052 14049
14053 14018 14054
14055 14053 14054
14055 14054 14056
14057 14055 14056
14057 14056 14058
14059 14057 14058
14059 14058 14060
14059 14060 14061
14059 14061 14062
14063 14062 14061
14063 14064 14062
14065 14066 14067
14065 14067 14068
14069 14065 14068
14069 14068 14070
14067 14070 14068
14069 14070 14071
14072 14071 14070
14072 14070 14073
14074 14072 14073
14074 14073 14075
14076 14074 14075
14076 14075 14077
14078 14076 14077
14078 14079 14076
14080 14078 14077
14080 13993 14078
14081 14080 14077
14081 14077 14075
14082 14081 14075
14082 14075 14073
14083 14082 14073
14083 14073 14070
14067 14083 14070
14084 14085 14086
14087 14088 14089
14087 14089 14090
14089 14091 14090
14089 14092 14091
14092 14093 14091
14092 14094 14093
14094 14095 14093
14094 14096 14095
14097 14095 14096
14097 14098 14095
14097 14099 14098
14097 14100 14099
14101 14102 14103
14104 14101 14103
14104 14103 14105
14106 14104 14105
14106 14105 14107
14108 14106 14107
14108 14107 14109
14110 14108 14109
14110 14109 14111
13882 14110 14111
13882 14111 14112
14113 14114 14115
14113 14115 14116
14117 14115 14114
14117 14118 14115
14117 14119 14118
14117 14120 14119
14120 14121 14119
14120 14122 14121
14121 14122 14123
14121 14123 14124
14124 14123 14125
14126 14127 14128
14126 14128 14129
14130 14129 14128
14130 14131 14129
14130 14132 14131
14130 14133 14132
14133 14134 14132
14133 14135 14134
14135 14136 14134
14135 14137 14136
14137 14000 14136
14138 14139 14140
14139 14141 14140
14139 14142 14141
14142 14143 14141
14142 14144 14143
14144 14145 14143
14144 14146 14145
14147 14145 14146
14147 14148 14145
14147 14149 14148
14147 14150 14149
14069 14151 14065
14152 14153 14154
14152 14154 14155
