byte offset: 0
first index: 44352
index count: 1725
topology: trianglelist
format: DXGI_FORMAT_R16_UINT

14156 14157 14158
14156 14159 14157
14156 14160 14159
14160 14156 14161
14160 14162 14159
14156 14158 14163
14156 14163 14164
14159 14162 14165
14165 14162 14166
14159 14165 14167
14159 14167 14168
14165 14169 14167
14169 14165 14166
14169 14166 14170
14169 14170 14171
14170 14166 14172
14172 14171 14170
14172 14173 14171
14174 14158 14175
14174 14175 14176
14164 14174 14176
14164 14176 14177
14178 14164 14177
14179 14178 14177
14180 14178 14179
14179 14177 14181
14181 14177 14182
14177 14183 14182
14177 14184 14183
14184 14185 14183
14184 14186 14185
14181 14182 14187
14188 14181 14187
14189 14181 14188
14189 14190 14181
14190 14179 14181
14191 14190 14189
14191 14179 14190
14191 14180 14179
14188 14187 14192
14164 14178 14180
14156 14164 14180
14193 14156 14180
14191 14193 14180
14161 14193 14191
14161 14156 14193
14194 14195 14182
14194 14182 14196
14197 14194 14196
14197 14196 14198
14195 14199 14182
14195 14200 14199
14200 14201 14199
14200 14202 14201
14203 14202 14200
14203 14204 14202
14204 14203 14205
14204 14205 14206
14206 14205 14207
14208 14203 14200
14208 14200 14195
14209 14208 14195
14209 14195 14210
14211 14209 14210
14211 14210 14212
14208 14209 14213
14214 14213 14209
14214 14209 14215
14208 14213 14216
14203 14208 14216
14203 14216 14205
14205 14217 14207
14218 14217 14205
14218 14213 14219
14218 14219 14220
14221 14213 14218
14218 14205 14221
14222 14207 14217
14222 14217 14223
14223 14217 14218
14223 14218 14224
14225 14223 14224
14225 14226 14223
14227 14223 14226
14227 14228 14223
14227 14226 14229
14230 14229 14226
14226 14231 14230
14226 14232 14231
14230 14233 14229
14234 14233 14230
14235 14234 14230
14236 14234 14235
14236 14235 14237
14235 14230 14238
14234 14239 14233
14240 14239 14234
14240 14234 14236
14232 14224 14241
14218 14242 14224
14218 14243 14242
14244 14245 14246
14244 14246 14247
14248 14249 14247
14248 14247 14250
14251 14252 14250
14251 14250 14253
14254 14255 14246
14254 14256 14255
14257 14258 14255
14257 14259 14258
14260 14261 14258
14260 14262 14261
14263 14264 14265
14263 14265 14266
14267 14268 14266
14267 14266 14269
14270 14271 14269
14270 14269 14272
14273 14274 14272
14273 14272 14275
14276 14277 14275
14276 14275 14278
14279 14280 14278
14279 14278 14281
14282 14279 14281
14282 14281 14283
14284 14282 14283
14284 14283 14285
14286 14287 14285
14286 14285 14288
14289 14290 14288
14289 14288 14291
14292 14289 14293
14292 14293 14294
14295 14292 14294
14295 14294 14296
14297 14295 14298
14297 14298 14299
14300 14301 14299
14300 14299 14302
14303 14300 14302
14303 14302 14304
14305 14303 14304
14305 14304 14306
14307 14305 14306
14307 14306 14308
14309 14307 14308
14309 14308 14310
14311 14309 14310
14311 14310 14312
14313 14311 14312
14313 14312 14314
14315 14313 14314
14315 14314 14316
14317 14315 14316
14317 14316 14318
14319 14317 14318
14319 14318 14320
14321 14322 14320
14321 14320 14323
14324 14321 14323
14324 14323 14325
14326 14324 14325
14326 14325 14327
14328 14326 14327
14328 14329 14326
14330 14329 14328
14330 14328 14331
14332 14330 14331
14332 14331 14333
14334 14332 14333
14334 14333 14335
14336 14334 14335
14336 14335 14337
14338 14336 14337
14338 14337 14339
14340 14341 14342
14340 14342 14343
14343 14342 14344
14343 14344 14345
14346 14347 14348
14346 14348 14349
14350 14346 14349
14350 14349 14351
14352 14350 14351
14352 14351 14353
14354 14352 14353
14354 14353 14355
14356 14354 14355
14356 14355 14357
14347 14358 14348
14347 14359 14358
14360 14358 14359
14360 14359 14361
14357 14362 14356
14357 14363 14362
14364 14365 14366
14364 14366 14367
14368 14365 14364
14368 14369 14365
14370 14369 14368
14370 14371 14369
14372 14371 14370
14372 14373 14371
14374 14373 14372
14374 14375 14373
14367 14366 14376
14367 14376 14377
14378 14377 14376
14378 14379 14377
14375 14374 14380
14375 14380 14381
14382 14383 14384
14382 14384 14385
14383 14386 14384
14383 14387 14386
14385 14384 14388
14386 14388 14384
14385 14388 14389
14389 14388 14390
14389 14390 14391
14391 14390 14392
14391 14392 14393
14390 14394 14392
14390 14395 14394
14395 14396 14394
14395 14397 14396
14398 14395 14390
14398 14390 14388
14386 14398 14388
14399 14397 14395
14399 14395 14398
14393 14392 14400
14394 14400 14392
14393 14400 14401
14394 14402 14400
14394 14396 14403
14394 14403 14402
14404 14399 14398
14404 14398 14405
14405 14406 14404
14405 14387 14406
14407 14397 14399
14407 14396 14397
14408 14396 14407
14407 14409 14408
14407 14410 14409
14410 14407 14411
14410 14411 14412
14411 14407 14413
14413 14407 14399
14411 14413 14406
14414 14410 14412
14414 14412 14415
14416 14415 14414
14417 14416 14414
14417 14409 14410
14417 14410 14414
14417 14418 14416
14419 14416 14418
14419 14420 14416
14421 14420 14419
14421 14422 14420
14423 14422 14421
14423 14424 14422
14425 14424 14423
14425 14426 14424
14427 14426 14425
14427 14428 14426
14429 14428 14427
14429 14430 14428
14429 14431 14430
14429 14432 14431
14432 14433 14431
14432 14434 14433
14434 14435 14433
14434 14436 14435
14436 14437 14435
14436 14438 14437
14435 14439 14433
14431 14433 14439
14431 14439 14440
14430 14431 14440
14430 14440 14441
14428 14430 14441
14428 14441 14442
14426 14428 14442
14426 14442 14443
14437 14444 14435
14437 14445 14444
14440 14439 14446
14435 14446 14439
14435 14444 14446
14440 14446 14447
14442 14448 14443
14442 14449 14448
14441 14449 14442
14441 14450 14449
14440 14447 14450
14440 14450 14441
14449 14451 14448
14448 14451 14452
14449 14453 14451
14450 14453 14449
14450 14454 14453
14447 14454 14450
14447 14455 14454
14446 14455 14447
14446 14456 14455
14444 14456 14446
14448 14452 14424
14443 14424 14426
14443 14448 14424
14424 14452 14457
14424 14457 14422
14422 14457 14458
14422 14458 14420
14420 14458 14459
14420 14459 14416
14416 14459 14415
14460 14461 14462
14460 14462 14463
14463 14462 14464
14463 14464 14465
14465 14464 14466
14465 14466 14467
14467 14466 14468
14467 14468 14469
14464 14470 14466
14466 14470 14468
14470 14471 14468
14464 14472 14470
14462 14472 14464
14462 14473 14472
14473 14462 14461
14474 14473 14461
14475 14471 14470
14475 14476 14471
14475 14477 14476
14475 14478 14477
14479 14478 14475
14479 14475 14470
14479 14480 14478
14481 14480 14479
14481 14482 14480
14478 14483 14477
14478 14484 14483
14480 14484 14478
14480 14485 14484
14482 14485 14480
14482 14486 14485
14487 14485 14486
14485 14487 14484
14488 14487 14486
14489 14488 14486
14486 14482 14489
14488 14490 14487
14437 14487 14490
14437 14490 14445
14491 14484 14487
14492 14491 14437
14492 14483 14484
14492 14484 14491
14492 14437 14438
14493 14487 14437
14494 14489 14482
14494 14482 14481
14494 14481 14473
14481 14495 14473
14481 14479 14495
14479 14470 14495
14494 14473 14474
14408 14496 14396
14497 14498 14499
14497 14499 14500
14500 14499 14501
14500 14501 14502
14503 14498 14497
14503 14504 14498
14505 14504 14503
14505 14506 14504
14507 14506 14505
14507 14508 14506
14509 14508 14507
14509 14510 14508
14511 14510 14509
14511 14512 14510
14513 14512 14511
14513 14514 14512
14515 14514 14513
14515 14516 14514
14517 14518 14515
14517 14519 14518
14520 14519 14517
14520 14521 14519
14522 14521 14520
14522 14523 14521
14524 14525 14526
14524 14526 14527
14525 14528 14526
14525 14529 14528
14530 14524 14527
14530 14527 14531
14532 14530 14531
14532 14531 14533
14534 14532 14533
14534 14533 14535
14536 14534 14535
14536 14535 14537
14538 14536 14537
14538 14537 14539
14540 14538 14539
14540 14539 14541
14542 14540 14541
14542 14541 14543
14544 14542 14545
14544 14545 14546
14547 14544 14546
14547 14546 14548
14549 14547 14548
14549 14548 14550
14551 14552 14553
14551 14553 14554
14551 14554 14555
14556 14551 14555
14556 14555 14557
14556 14557 14558
14556 14558 14559
14554 14553 14560
14554 14560 14561
14554 14561 14562
14554 14562 14555
14557 14555 14562
14557 14562 14563
14557 14563 14564
14557 14564 14558
14561 14560 14565
14561 14565 14566
14566 14565 14567
14566 14567 14568
14566 14568 14569
14566 14569 14570
14561 14566 14570
14561 14570 14562
14563 14562 14570
14571 14570 14569
14563 14570 14571
14571 14569 14572
14571 14572 14573
14571 14573 14574
14563 14571 14574
14563 14574 14564
14568 14567 14575
14568 14575 14576
14568 14576 14577
14568 14577 14569
14572 14569 14577
14572 14577 14578
14572 14578 14579
14572 14579 14573
14576 14575 14580
14576 14580 14581
14576 14581 14582
14576 14582 14577
14578 14577 14582
14578 14582 14583
14578 14583 14584
14578 14584 14579
14581 14580 14585
14581 14585 14586
14581 14586 14587
14581 14587 14582
14583 14582 14587
14583 14587 14588
14583 14588 14589
14583 14589 14584
14586 14585 14590
14586 14590 14591
14592 14591 14590
14592 14593 14591
14591 14593 14594
14591 14594 14595
14586 14591 14595
14586 14595 14587
14588 14587 14595
14595 14594 14596
14595 14596 14597
14588 14595 14597
14597 14596 14598
14597 14598 14599
14588 14599 14589
14596 14600 14598
14596 14601 14600
14594 14601 14596
14601 14602 14600
14601 14603 14602
14604 14602 14603
14604 14603 14605
14606 14604 14605
14606 14607 14604
14601 14608 14603
14608 14605 14603
14601 14609 14608
14594 14609 14601
14610 14608 14609
14610 14611 14608
14610 14612 14611
14610 14613 14612
14614 14611 14612
14614 14615 14611
14608 14611 14615
14616 14615 14614
14616 14614 14617
14618 14608 14615
14616 14618 14615
14618 14605 14608
14606 14605 14618
14616 14619 14618
14606 14618 14619
14593 14610 14609
14593 14609 14594
14592 14613 14610
14592 14610 14593
14588 14620 14599
14621 14622 14623
14621 14623 14624
14625 14622 14621
14625 14621 14626
14627 14625 14626
14627 14628 14625
14629 14627 14626
14629 14626 14630
14631 14629 14630
14631 14630 14632
14630 14633 14632
14633 14634 14624
14630 14634 14633
14626 14634 14630
14626 14635 14634
14636 14632 14633
14637 14636 14633
14637 14638 14636
14639 14631 14632
14639 14632 14636
14638 14639 14636
14638 14640 14639
14637 14641 14638
14637 14642 14641
14642 14643 14641
14641 14643 14644
14641 14644 14645
14638 14641 14645
14638 14645 14640
14644 14643 14646
14644 14646 14647
14647 14646 14648
14647 14648 14649
14649 14648 14650
14649 14650 14651
14648 14652 14650
14648 14653 14652
14653 14654 14652
14653 14655 14654
14642 14655 14656
14643 14642 14656
14643 14656 14646
14646 14656 14657
14646 14657 14658
14659 14660 14657
14655 14642 14637
14655 14637 14661
14661 14637 14633
14661 14633 14624
14662 14635 14663
