byte offset: 0
first index: 0
index count: 6648
topology: trianglelist
format: DXGI_FORMAT_R16_UINT

0 1 2
0 3 1
4 0 2
5 2 1
3 5 1
6 5 3
7 6 3
3 8 7
9 7 8
10 9 8
10 8 11
11 12 10
0 12 11
12 13 10
14 10 13
13 12 15
6 7 16
16 7 17
17 18 16
16 19 6
19 20 6
16 18 21
21 19 16
22 21 18
18 23 22
23 18 24
24 25 23
26 22 23
23 25 26
25 27 26
28 27 25
29 28 25
29 30 28
27 28 30
30 31 27
31 30 32
30 33 32
33 34 32
32 35 31
35 32 34
34 36 35
36 34 37
34 14 37
37 15 36
38 31 35
35 39 38
38 39 40
38 41 31
31 41 42
42 41 43
38 40 43
41 38 43
44 39 35
35 36 44
40 39 44
44 36 45
46 44 45
40 44 46
36 47 45
36 15 47
46 45 47
15 48 47
49 47 48
46 47 49
48 15 50
49 48 50
49 50 51
51 50 52
50 12 52
52 12 0
50 15 12
42 43 53
54 42 53
54 53 55
55 27 54
27 42 54
55 53 56
55 56 57
57 56 58
57 58 26
26 55 57
26 27 55
58 56 59
58 59 60
59 61 60
60 61 22
22 58 60
26 58 22
59 62 61
27 31 42
22 61 21
21 61 63
61 62 63
63 64 21
62 64 63
62 65 64
21 64 19
19 64 66
64 65 66
65 20 66
66 20 19
65 67 20
20 67 68
68 67 5
6 20 68
68 5 6
5 67 2
65 62 69
69 70 65
67 65 70
69 71 70
70 71 72
73 72 71
71 74 73
74 75 73
75 74 76
77 75 76
78 75 77
78 77 79
79 77 80
79 80 81
81 80 82
81 82 83
83 82 84
85 84 82
86 84 85
84 86 87
88 87 86
86 89 88
82 90 85
80 90 82
89 86 91
86 85 91
91 92 89
89 92 93
93 94 89
91 85 95
85 90 95
95 90 96
90 97 96
96 97 98
93 99 94
99 100 94
100 101 94
101 89 94
89 101 88
99 93 102
102 103 99
104 103 102
104 105 103
106 105 104
105 106 107
107 108 105
100 109 101
110 101 109
88 101 110
110 111 88
88 111 87
87 111 112
113 87 112
87 113 84
113 83 84
105 108 114
115 105 114
108 107 116
116 107 117
114 108 118
118 119 114
116 117 75
117 73 75
119 118 120
119 120 78
113 112 121
121 122 113
121 123 122
123 124 122
125 122 124
125 126 122
123 121 127
127 128 123
129 128 127
127 130 129
129 130 131
132 131 130
131 132 133
134 133 132
135 133 134
130 110 132
109 132 110
132 109 134
136 134 109
134 136 135
100 136 109
137 136 100
137 100 99
99 103 137
136 137 138
137 103 138
136 138 135
135 138 115
138 103 115
115 139 135
103 105 115
110 130 111
111 130 127
111 127 121
121 112 111
140 115 141
115 114 141
142 141 114
141 142 143
143 142 78
143 78 144
144 78 79
144 79 145
145 79 81
145 81 146
147 145 146
145 147 144
147 146 148
149 148 146
148 149 150
146 83 149
146 81 83
149 113 122
149 151 113
52 0 4
152 4 153
152 153 154
155 152 154
154 156 155
156 154 106
106 154 157
154 153 157
106 157 107
157 117 107
157 72 117
153 72 157
117 72 73
106 104 156
156 104 102
102 158 156
158 102 93
93 159 158
159 93 92
92 160 159
161 160 92
92 91 161
91 95 161
161 95 162
162 95 96
96 163 162
163 96 98
98 164 163
98 74 164
98 76 74
76 98 97
97 77 76
77 97 80
90 80 97
164 74 71
165 160 161
161 166 165
160 165 167
167 159 160
43 165 166
43 167 165
166 53 43
40 167 43
159 167 168
168 158 159
168 156 158
156 168 155
49 155 168
168 46 49
46 168 167
167 40 46
155 49 51
51 152 155
169 166 161
169 53 166
161 162 169
170 169 162
162 163 170
53 169 56
170 56 169
56 170 59
69 170 163
163 164 69
164 71 69
170 69 62
62 59 170
4 2 153
171 153 2
153 171 72
72 171 70
70 171 67
2 67 171
172 173 174
173 172 175
176 173 175
177 173 176
173 177 178
179 176 175
175 180 179
181 179 180
180 182 181
183 182 180
180 175 183
182 183 184
181 185 179
186 179 185
177 176 186
176 179 186
187 177 186
188 187 186
186 185 189
186 189 188
190 185 181
185 190 189
189 190 191
192 189 191
189 192 188
190 193 191
187 188 194
194 188 195
188 192 195
195 196 194
196 195 197
192 197 195
197 198 196
199 196 198
191 193 200
200 201 191
202 191 201
192 191 202
200 203 201
204 201 203
203 205 204
205 203 206
206 203 200
206 207 205
201 208 202
201 204 208
202 208 209
202 209 210
198 197 210
211 210 209
209 212 211
213 212 209
209 214 213
214 209 208
215 213 214
214 216 215
217 215 216
216 218 217
218 216 219
219 220 218
221 220 219
222 221 219
219 223 222
216 214 223
223 219 216
208 223 214
215 217 224
224 225 215
221 222 226
222 227 226
205 227 222
228 227 205
229 227 228
226 227 229
228 230 229
231 230 228
228 232 231
232 228 233
205 207 228
228 207 233
222 204 205
204 222 223
223 208 204
233 207 206
234 233 206
233 234 235
235 236 233
236 237 233
232 233 237
236 235 238
238 239 236
240 239 238
241 240 238
240 241 242
242 243 240
243 242 244
244 245 243
245 246 243
240 243 246
244 247 245
242 248 244
249 247 244
248 249 244
239 250 236
236 250 251
251 237 236
250 252 251
249 248 253
248 254 253
254 255 253
184 255 254
184 256 255
184 183 256
183 257 256
257 183 258
175 258 183
258 259 257
260 259 258
175 260 258
260 175 172
174 261 172
262 174 173
173 178 262
263 262 178
263 178 177
177 187 263
187 264 263
194 264 187
196 265 194
265 196 266
267 266 196
199 267 196
267 199 268
199 269 268
269 270 268
269 271 270
272 270 271
270 272 273
274 270 273
268 270 274
271 269 275
267 276 266
277 267 268
277 268 278
278 268 279
274 279 268
280 277 276
277 278 281
277 281 276
276 281 282
282 283 276
276 283 284
285 276 284
285 284 286
283 287 284
288 284 287
286 284 288
286 288 289
276 290 266
291 266 290
291 265 266
265 291 194
192 202 210
210 197 192
210 292 198
293 198 292
292 294 293
295 294 292
293 296 198
296 297 198
297 199 198
296 293 298
296 298 299
294 295 300
300 295 301
301 295 211
211 302 301
302 211 212
303 302 212
304 303 212
305 304 212
212 213 305
213 306 305
307 306 213
308 307 213
213 215 308
215 309 308
309 215 225
303 304 310
310 311 303
311 310 312
312 313 311
305 306 314
314 315 305
316 314 306
306 307 316
314 316 317
317 318 314
316 319 317
316 320 319
321 320 316
308 309 322
322 309 225
225 323 322
324 322 323
324 323 325
323 326 325
326 323 327
328 327 323
329 322 324
330 322 329
330 331 322
322 331 308
332 331 330
332 333 331
331 333 334
308 334 335
336 331 334
308 335 307
307 335 320
334 337 335
334 333 337
335 337 338
338 339 335
339 320 335
339 319 320
217 340 224
224 340 341
341 342 224
342 341 343
343 344 342
344 345 342
346 342 345
347 342 346
343 341 348
217 349 340
341 340 349
349 217 350
350 351 349
352 351 350
350 353 352
354 352 353
351 352 354
355 354 353
354 356 351
349 357 341
358 341 357
358 348 341
357 359 358
349 351 360
351 361 360
361 356 362
356 363 362
364 363 356
364 356 354
365 356 361
366 364 354
367 366 354
367 354 355
368 367 355
369 368 355
355 370 369
371 360 361
372 360 371
371 361 373
374 370 355
349 360 375
375 360 376
375 376 377
360 378 376
379 380 369
379 381 380
353 381 379
353 382 381
383 382 353
382 383 384
383 385 384
353 386 383
385 383 387
387 383 388
383 389 388
388 389 390
390 391 388
392 388 391
388 392 393
393 394 388
391 390 395
391 395 396
397 396 395
398 397 395
395 399 398
399 395 390
399 400 398
401 398 400
401 397 398
400 402 401
396 397 403
404 396 403
405 396 404
406 396 405
406 391 396
392 391 406
407 405 404
408 405 407
408 407 409
404 410 407
410 409 407
410 411 409
410 412 411
411 412 413
414 413 412
409 411 415
411 413 415
409 415 416
416 408 409
416 415 417
417 415 418
418 419 417
420 416 417
420 408 416
417 421 420
422 408 420
423 408 422
422 424 423
424 425 423
425 424 426
426 427 425
426 428 427
429 428 426
406 425 427
423 425 406
405 423 406
408 423 405
419 418 430
424 422 431
422 432 431
420 421 432
432 422 420
432 421 433
433 421 417
417 419 433
406 427 392
392 427 428
428 393 392
429 426 434
393 428 435
435 436 393
437 393 436
438 393 437
438 439 393
439 394 393
438 437 440
437 436 440
440 441 438
442 441 440
440 443 442
442 444 441
445 441 444
446 441 445
438 445 447
439 438 447
439 447 448
439 448 449
449 450 439
439 450 451
451 387 439
452 387 451
387 452 385
453 452 451
454 453 451
455 453 454
454 456 455
449 448 457
457 458 449
458 450 449
385 452 459
452 460 459
460 453 461
462 461 453
463 453 460
385 459 464
464 459 465
459 466 465
466 459 467
467 459 460
467 468 461
464 465 469
470 464 469
469 471 470
472 464 470
470 471 473
473 474 470
473 475 474
470 474 385
385 474 384
475 476 477
477 476 478
478 479 477
477 479 480
479 382 480
481 479 482
483 482 479
484 479 481
382 481 381
485 481 482
485 381 481
486 381 485
381 486 380
487 488 312
487 489 488
490 488 489
490 489 491
304 491 489
305 491 304
305 492 491
493 490 491
492 494 491
491 494 493
492 495 494
315 495 492
496 495 315
497 315 492
498 496 315
315 314 498
498 314 499
499 314 318
500 489 310
225 501 502
224 501 225
224 503 501
504 502 501
505 504 501
501 506 505
503 506 501
503 345 506
504 326 502
507 508 300
300 509 507
301 509 300
509 510 507
509 511 510
512 511 509
301 513 511
302 513 301
302 514 513
514 515 513
516 300 508
517 300 516
518 510 511
518 511 513
519 518 513
513 515 519
514 520 515
521 520 514
522 521 302
302 303 522
523 520 521
521 522 523
524 521 514
525 523 522
525 522 526
526 311 313
527 528 299
299 529 527
529 530 527
529 531 530
532 531 529
533 299 528
534 299 533
535 299 534
536 299 535
296 299 536
536 297 296
537 536 535
537 538 536
539 536 538
297 538 540
297 540 199
199 540 541
538 542 540
538 537 542
540 542 543
544 541 540
543 544 545
544 272 541
293 546 531
294 546 293
294 547 546
546 548 531
548 530 531
547 549 546
547 550 549
546 549 551
551 548 546
294 300 552
552 553 547
554 553 552
555 552 547
556 554 552
552 300 556
557 558 559
557 559 560
561 558 557
557 560 562
560 563 562
562 563 564
565 564 563
566 564 565
564 566 567
568 567 566
566 569 568
570 569 566
571 569 570
569 571 572
572 568 569
573 572 571
571 574 573
575 574 571
575 576 574
573 574 576
567 577 564
564 577 562
576 578 573
578 576 579
580 579 576
579 580 581
582 579 581
578 579 582
581 583 582
583 581 584
585 584 581
584 585 586
584 586 587
560 587 586
587 560 588
586 589 560
590 589 586
563 589 590
563 560 589
587 591 584
584 591 583
591 587 592
560 559 588
588 559 558
587 593 592
593 587 588
593 588 594
592 593 594
595 592 594
595 596 592
596 591 592
591 596 597
597 596 595
598 597 595
598 599 597
599 583 597
583 591 597
583 599 600
600 599 598
601 600 598
601 602 600
602 582 600
582 583 600
603 602 601
582 602 603
603 601 604
605 603 604
605 578 603
578 582 603
606 605 604
578 605 606
606 604 607
608 606 607
606 608 573
578 606 573
573 608 609
608 607 609
573 609 572
572 609 610
609 611 610
609 607 611
572 610 612
610 611 612
612 568 572
568 612 613
612 614 613
612 611 614
568 613 615
615 567 568
615 616 567
617 616 615
618 617 615
618 615 613
567 616 619
567 619 577
577 619 620
621 620 619
622 621 619
622 619 616
620 623 577
623 562 577
623 624 562
561 624 623
625 561 623
625 623 620
624 557 562
624 561 557
621 622 626
626 627 621
561 625 627
628 627 626
627 628 629
629 628 630
630 631 629
630 632 631
632 630 633
633 634 632
630 635 633
630 628 635
636 633 635
636 635 637
637 635 628
637 638 636
638 637 639
639 640 638
640 641 638
641 640 642
643 640 639
642 640 643
639 644 643
643 644 645
645 646 643
647 643 646
643 647 642
646 648 647
648 646 649
646 650 649
646 645 650
650 651 649
651 650 652
645 653 650
652 650 653
653 654 652
655 652 654
654 656 655
642 657 641
648 649 658
658 659 648
660 647 648
648 659 660
661 647 660
642 661 657
647 661 642
658 649 662
662 649 651
662 651 663
664 655 656
656 665 664
666 664 665
667 664 666
666 668 667
668 669 667
667 669 670
663 670 669
670 663 651
665 671 666
670 655 667
655 664 667
651 652 670
652 655 670
672 666 671
666 672 673
673 672 632
632 634 673
634 674 673
674 634 633
633 675 674
674 676 673
636 675 633
675 636 677
678 677 636
638 678 636
678 638 641
678 679 677
678 641 679
641 657 679
675 677 680
679 680 677
680 681 675
657 682 679
680 679 682
680 682 683
684 683 682
657 684 682
683 684 685
686 685 684
686 687 685
688 687 686
688 689 687
690 689 688
688 691 690
690 691 692
692 693 690
694 693 692
695 694 692
694 695 696
697 696 695
698 696 697
699 698 697
661 686 684
661 684 657
697 663 699
669 699 663
697 695 662
662 663 697
695 692 658
658 662 695
658 692 691
691 659 658
699 700 698
700 699 669
668 700 669
701 668 666
666 673 701
701 702 668
702 701 703
674 703 701
668 702 704
703 674 675
703 675 681
660 659 691
691 688 660
660 688 686
661 660 686
588 705 594
706 594 705
594 706 707
707 706 708
708 709 707
671 709 708
709 671 665
710 709 665
665 656 710
672 671 708
672 708 631
631 632 672
656 711 710
711 656 654
654 712 711
712 654 653
713 712 653
645 713 653
713 645 644
644 714 713
715 714 644
715 644 639
716 715 639
639 637 716
628 716 637
713 714 717
717 718 713
719 717 714
714 715 719
626 716 628
626 719 715
715 716 626
718 717 611
611 717 719
611 607 718
719 614 611
719 626 617
617 618 719
718 607 720
713 718 720
720 712 713
712 720 721
721 711 712
607 604 720
721 720 604
604 601 721
711 721 722
722 710 711
709 710 722
722 707 709
595 707 722
722 598 595
721 601 598
598 722 721
707 595 594
629 723 627
723 629 724
629 631 724
627 723 561
724 561 723
561 724 558
724 631 708
708 706 724
705 724 706
725 726 220
726 725 727
726 727 728
218 220 726
726 729 218
729 726 728
217 218 729
217 729 386
729 728 389
350 729 389
350 389 730
725 731 727
731 732 727
727 732 400
400 732 733
733 732 734
731 734 732
734 735 733
733 735 736
736 737 733
737 738 733
733 402 400
733 738 402
738 401 402
739 401 738
738 740 739
738 741 740
741 738 742
737 742 738
741 743 740
741 744 743
745 743 744
746 743 745
747 746 745
745 748 747
748 749 747
750 749 748
750 748 751
745 751 748
749 750 752
747 749 753
754 749 752
753 749 754
744 741 755
756 755 741
756 741 742
756 757 755
753 758 759
753 759 760
760 759 761
414 760 761
414 761 762
414 762 413
413 762 763
764 413 763
415 413 764
763 765 764
766 764 765
415 764 766
766 418 415
727 400 399
728 727 399
728 399 390
389 728 390
767 428 768
435 428 767
768 428 429
435 767 769
770 769 767
771 769 770
770 772 771
771 773 769
774 769 773
775 769 774
435 774 776
767 768 777
777 770 767
768 429 778
429 779 778
436 435 776
436 776 780
768 778 781
776 774 782
781 778 783
784 772 770
778 785 783
785 778 786
786 778 779
786 779 787
781 783 788
782 774 789
780 776 790
780 790 791
792 780 791
792 440 436
793 792 791
794 780 792
792 793 795
795 440 792
796 797 440
797 798 440
799 800 787
800 801 787
802 801 800
803 800 799
804 800 803
802 800 804
803 429 804
434 804 429
799 805 803
806 804 434
804 806 807
807 808 804
804 808 802
434 809 806
434 810 809
806 811 807
806 809 811
809 812 811
812 809 813
809 814 813
815 814 809
809 810 815
815 816 814
813 814 817
816 818 814
816 819 818
818 820 814
821 815 810
821 810 822
822 810 426
434 426 810
426 424 822
822 424 821
823 824 825
824 823 826
827 825 824
828 829 450
829 456 450
458 828 450
830 831 770
832 830 770
770 833 832
788 832 833
788 833 834
835 834 833
836 447 837
837 447 445
837 445 444
448 447 838
447 839 838
448 838 457
776 840 790
840 776 782
841 842 843
843 842 844
842 841 845
846 842 845
847 842 846
848 842 847
849 842 848
842 849 844
850 851 852
850 853 851
851 853 854
855 851 854
856 851 855
856 857 851
858 851 857
852 851 858
859 860 861
860 862 861
861 863 859
864 863 861
865 861 862
866 861 865
864 861 867
861 866 867
868 869 870
869 871 870
871 869 872
872 869 873
868 874 869
875 873 869
876 874 877
877 875 876
878 879 880
879 881 880
880 881 882
882 883 880
883 884 880
884 885 880
885 886 880
880 886 887
886 888 878
889 878 888
886 890 888
890 884 888
888 884 891
892 888 891
892 893 888
893 889 888
894 895 896
896 897 894
898 897 896
899 898 896
900 898 901
900 901 902
903 902 901
898 904 901
905 906 907
906 908 907
908 909 907
910 911 912
910 912 913
912 914 913
915 916 917
916 915 918
919 916 918
920 916 919
921 922 923
923 922 924
924 922 925
926 927 928
926 929 927
927 929 930
931 932 933
934 933 932
934 932 935
935 932 936
937 938 939
938 940 939
939 941 937
942 941 939
943 942 939
944 943 939
945 944 939
939 940 945
946 947 948
946 948 949
948 950 949
951 950 948
952 951 948
952 948 953
954 953 948
947 954 948
955 956 957
957 956 958
956 955 959
960 956 959
960 961 956
956 961 962
962 963 956
963 964 956
965 964 966
967 968 966
969 968 970
970 965 969
967 969 971
966 972 971
972 966 973
973 969 958
974 975 976
976 975 977
975 974 978
979 975 978
980 975 979
981 975 980
982 975 981
975 982 977
983 984 985
983 986 984
984 986 987
988 984 987
989 984 988
989 990 984
991 984 990
985 984 991
992 993 994
994 993 995
995 993 996
996 993 997
997 993 998
998 993 999
993 992 999
1000 1001 998
1000 1002 1001
1003 1001 1002
1004 1001 1003
1005 1001 1006
1001 1007 1006
1008 1007 1001
1009 1010 1011
1010 1012 1011
1012 1013 1011
1013 1014 1011
1014 1015 1011
1015 1016 1011
1011 1016 1009
1017 1015 1018
1017 1018 1019
1020 1019 1018
1021 1020 1018
1021 1018 1022
1018 1023 1022
1024 1023 1018
1025 1026 1027
1027 1028 1025
1025 1029 1026
1025 1030 1029
1030 1025 1031
1028 1031 1025
1031 1028 1032
1026 1029 1033
1034 1033 1035
1036 1034 1035
1034 1036 1037
1034 1037 1038
1039 1038 1040
1039 1040 1041
1041 1040 1042
1043 1041 1042
1044 1039 1041
1045 1044 1041
1045 1041 1043
1046 1045 1043
1047 1046 1048
1049 1047 1048
1049 1050 1047
1047 1050 1051
1051 1052 1053
1053 1052 1054
1053 1054 1055
1052 1056 1054
1054 1056 1057
1055 1054 1058
1058 1054 1057
1058 1057 1059
1060 1059 1061
1060 1061 1062
1062 1063 1060
1060 1063 1064
1065 1064 1066
1067 1065 1066
1067 1068 1065
1068 1067 1069
1067 1066 1070
1070 1071 1067
1069 1067 1071
1072 1069 1071
1073 1072 1074
1073 1074 1075
1073 1075 1076
1073 1076 1032
1077 1078 1079
1078 1077 1080
1077 1079 1081
1077 1081 1082
1082 1083 1077
1080 1077 1083
1083 1084 1080
1079 1085 1081
1086 1087 1085
1088 1087 1086
1086 1089 1088
1086 1090 1089
1091 1092 1090
1091 1093 1092
1093 1094 1092
1095 1094 1093
1096 1093 1091
1097 1093 1096
1097 1095 1093
1098 1095 1097
1099 1100 1098
1101 1100 1099
1099 1102 1103
1104 1099 1103
1102 1105 1106
1105 1107 1106
1105 1108 1107
1106 1107 1109
1107 1110 1109
1108 1111 1107
1111 1110 1107
1111 1112 1110
1113 1114 1112
1113 1115 1114
1115 1113 1116
1113 1117 1116
1118 1119 1117
1120 1119 1118
1120 1118 1121
1121 1122 1120
1120 1123 1119
1123 1120 1124
1122 1124 1120
1125 1124 1122
1126 1127 1125
1126 1128 1127
1126 1129 1128
1126 1084 1129
1130 1131 1132
1130 1132 1133
1133 1132 1134
1134 1132 1135
1136 1137 1138
1139 1137 1136
1139 1136 1140
1140 1141 1139
1141 1140 1142
1142 1140 1143
1140 1144 1143
1145 1142 1143
1142 1145 1146
1143 1147 1145
1145 1147 1148
1148 1147 1149
1150 1145 1148
1146 1145 1150
1146 1150 1151
1152 1153 1154
1154 1153 1155
1156 1157 1158
1156 1159 1157
1159 1156 1160
1159 1161 1157
1161 1159 1162
1162 1159 1160
1162 1163 1161
1163 1164 1161
1164 1165 1161
1161 1165 1166
1161 1166 1157
1167 1166 1165
1165 1168 1167
1165 1164 1169
1169 1168 1165
1164 1170 1169
1169 1171 1168
1172 1168 1171
1169 1173 1171
1170 1173 1169
1170 1174 1173
1175 1176 1177
1177 1176 1178
1175 1179 1176
1176 1180 1178
1180 1181 1178
1176 1179 1182
1182 1180 1176
1183 1175 1177
1177 1184 1183
1185 1175 1183
1186 1183 1184
1187 1183 1186
1179 1183 1187
1188 1187 1186
1188 1186 1189
1188 1189 1190
1190 1191 1188
1192 1188 1191
1187 1188 1192
1187 1192 1179
1191 1193 1192
1179 1192 1193
1194 1179 1193
1191 1190 1195
1195 1196 1191
1197 1196 1195
1195 1198 1197
1199 1193 1191
1191 1196 1199
1194 1193 1200
1200 1193 1199
1197 1201 1196
1197 1198 1202
1202 1203 1197
1200 1197 1203
1204 1203 1202
1204 1205 1200
1205 1204 1206
1202 1206 1204
1205 1206 1207
1208 1205 1207
1208 1207 1209
1205 1210 1200
1210 1205 1208
1211 1203 1204
1197 1211 1199
1208 1209 1212
1213 1208 1212
1210 1208 1213
1214 1213 1212
1215 1213 1214
1215 1216 1213
1213 1216 1210
1210 1216 1217
1217 1216 1218
1218 1216 1219
1216 1220 1219
1221 1219 1220
1220 1222 1221
1223 1221 1222
1222 1224 1223
1224 1222 1225
1225 1222 1220
1225 1226 1224
1227 1226 1225
1227 1228 1215
1225 1228 1227
1215 1229 1227
1225 1220 1230
1230 1231 1228
1230 1228 1232
1218 1233 1217
1234 1217 1233
1233 1235 1234
1236 1217 1234
1217 1236 1210
1200 1210 1236
1236 1237 1200
1200 1237 1194
1179 1194 1237
1237 1238 1179
1179 1238 1182
1182 1238 1239
1239 1240 1182
1241 1182 1240
1242 1241 1240
1241 1242 1243
1241 1243 1244
1241 1244 1181
1181 1180 1241
1182 1241 1180
1242 1245 1243
1245 1246 1243
1247 1245 1242
1246 1245 1248
1247 1248 1245
1248 1249 1246
1248 1250 1249
1249 1250 1251
1248 1252 1250
1248 1247 1252
1250 1252 1253
1240 1253 1252
1253 1254 1250
1253 1255 1254
1254 1255 1256
1254 1256 1257
1253 1258 1255
1259 1258 1253
1260 1259 1253
1261 1258 1259
1260 1253 1240
1240 1262 1260
1260 1262 1259
1259 1262 1263
1239 1262 1240
1264 1259 1263
1265 1259 1264
1266 1259 1265
1266 1265 1267
1268 1267 1265
1268 1265 1269
1264 1269 1265
1270 1269 1264
1269 1270 1271
1270 1272 1271
1272 1270 1273
1273 1270 1274
1264 1274 1270
1269 1271 1275
1269 1275 1268
1276 1272 1273
1277 1272 1276
1278 1276 1273
1276 1279 1277
1276 1280 1279
1278 1280 1276
1266 1267 1281
1281 1282 1266
1283 1266 1282
1281 1284 1282
1285 1282 1284
1283 1282 1285
1286 1285 1284
1284 1256 1286
1285 1286 1287
1288 1279 1289
1289 1290 1288
1291 1288 1290
1290 1292 1291
1291 1292 1293
1293 1294 1291
1294 1293 1295
1295 1296 1294
1297 1293 1292
1295 1293 1297
1292 1298 1297
1296 1295 1299
1300 1296 1299
1301 1300 1299
1301 1299 1302
1303 1302 1299
1303 1299 1295
1303 1297 1298
1302 1303 1304
1302 1304 1305
1306 1305 1304
1306 1304 1307
1307 1304 1303
1307 1308 1306
1308 1307 1309
1309 1310 1308
1309 1311 1310
1311 1309 1312
1312 1309 1313
1313 1307 1303
1313 1309 1307
1312 1314 1311
1314 1315 1311
1316 1314 1312
1315 1314 1317
1316 1317 1314
1317 1318 1315
1317 1313 1319
1317 1319 1320
1317 1320 1321
1321 1322 1317
1321 1320 1323
1321 1323 1324
1320 1325 1323
1320 1319 1325
1313 1325 1319
1324 1323 1326
1323 1327 1326
1327 1328 1326
1328 1327 1329
1330 1327 1323
1323 1325 1330
1329 1327 1330
1331 1328 1329
1329 1332 1331
1333 1331 1332
1333 1332 1334
1334 1335 1333
1336 1333 1335
1334 1337 1335
1329 1330 1337
1337 1330 1325
1338 1336 1335
1335 1339 1338
1339 1335 1337
1340 1338 1339
1339 1341 1340
1341 1342 1340
1342 1341 1343
1344 1342 1343
1343 1345 1344
1346 1345 1343
1344 1345 1347
1346 1347 1345
1347 1348 1344
1349 1339 1337
1343 1341 1349
1349 1350 1339
1337 1351 1349
1349 1351 1352
1352 1353 1349
1354 1349 1353
1349 1354 1355
1355 1354 1356
1356 1357 1355
1357 1356 1358
1358 1359 1357
1359 1348 1360
1360 1357 1359
1360 1355 1357
1360 1346 1355
1358 1356 1361
1361 1362 1358
1362 1361 1363
1363 1364 1362
1365 1361 1356
1363 1361 1365
1363 1365 1353
1356 1366 1365
1353 1365 1366
1351 1367 1352
1368 1353 1369
1370 1368 1369
1369 1371 1370
1371 1369 1372
1373 1371 1372
1374 1373 1372
1372 1375 1374
1375 1376 1374
1376 1375 1377
1377 1375 1378
1379 1378 1375
1372 1369 1379
1375 1380 1379
1381 1376 1377
1377 1382 1381
1383 1382 1377
1381 1382 1384
1383 1384 1382
1384 1385 1381
1386 1385 1384
1384 1387 1386
1388 1386 1387
1387 1389 1388
1389 1387 1390
1384 1390 1387
1384 1378 1390
1390 1391 1389
1392 1391 1378
1378 1393 1390
1392 1378 1394
1388 1389 1395
1395 1396 1388
1396 1395 1397
1397 1398 1396
1389 1391 1399
1399 1395 1389
1397 1395 1399
1392 1400 1391
1400 1399 1391
1394 1400 1392
1401 1398 1397
1397 1402 1401
1400 1402 1397
1401 1402 1403
1403 1404 1401
1405 1403 1402
1397 1399 1405
1400 1394 1406
1406 1407 1400
1407 1406 1408
1394 1409 1406
1394 1410 1409
1410 1411 1409
1367 1411 1410
1412 1367 1410
1379 1412 1410
1379 1353 1412
1369 1353 1379
1378 1379 1410
1378 1410 1394
1406 1409 1413
1414 1406 1413
1408 1406 1414
1415 1408 1414
1408 1415 1416
1416 1417 1408
1418 1417 1416
1416 1419 1418
1420 1418 1419
1419 1421 1420
1422 1420 1421
1421 1423 1422
1423 1421 1424
1424 1421 1419
1424 1425 1423
1426 1425 1424
1424 1427 1426
1426 1427 1428
1428 1429 1426
1429 1428 1430
1428 1416 1430
1431 1429 1430
1432 1431 1430
1433 1431 1432
1434 1428 1427
1434 1427 1424
1434 1432 1430
1433 1432 1435
1435 1436 1433
1437 1436 1435
1437 1435 1438
1438 1435 1439
1432 1439 1435
1437 1438 1440
1441 1437 1440
1442 1440 1438
1441 1440 1443
1442 1443 1440
1443 1444 1441
1443 1439 1445
1439 1446 1445
1445 1446 1447
1448 1447 1446
1449 1447 1448
1449 1448 1450
1450 1451 1449
1449 1452 1447
1446 1453 1448
1450 1448 1453
1454 1451 1450
1450 1455 1454
1455 1456 1454
1456 1455 1457
1456 1457 1458
1458 1459 1456
1457 1460 1458
1450 1453 1460
1460 1453 1446
1461 1459 1458
1458 1462 1461
1460 1462 1458
1463 1457 1455
1463 1455 1450
1464 1461 1462
1464 1462 1465
1466 1464 1465
1466 1465 1467
1467 1465 1468
1462 1468 1465
1460 1469 1462
1469 1470 1467
1471 1467 1470
1470 1472 1471
1469 1460 1473
1474 1469 1473
1475 1474 1473
1473 1476 1475
1477 1476 1473
1473 1415 1477
1415 1473 1460
1460 1439 1415
1446 1439 1460
1439 1416 1415
1416 1439 1478
1474 1475 1479
1415 1414 1477
1480 1481 1472
1481 1480 1482
1469 1482 1480
1483 1481 1484
1484 1485 1483
1486 1483 1485
1485 1487 1486
1487 1485 1488
1488 1489 1487
1484 1490 1485
1484 1468 1488
1468 1489 1488
1491 1489 1468
1486 1487 1492
1492 1493 1486
1493 1492 1494
1494 1495 1493
1496 1492 1487
1487 1489 1496
1494 1492 1496
1491 1497 1489
1497 1496 1489
1494 1498 1495
1498 1499 1495
1499 1498 1500
1498 1501 1500
1500 1501 1502
1501 1497 1502
1502 1503 1500
1502 1504 1503
1505 1503 1504
1504 1502 1506
1506 1502 1497
1507 1501 1498
1507 1498 1494
1508 1496 1497
1504 1509 1505
1509 1504 1510
1510 1504 1506
1511 1509 1510
1510 1512 1511
1512 1510 1513
1510 1506 1513
1514 1511 1512
1512 1515 1514
1516 1515 1512
1517 1514 1515
1517 1515 1518
1516 1518 1515
1517 1518 1519
1519 1520 1517
1519 1521 1520
1522 1520 1521
1521 1519 1523
1524 1523 1519
1518 1524 1519
1518 1516 1524
1513 1523 1524
1525 1523 1513
1523 1526 1521
1526 1523 1527
1525 1528 1523
1528 1527 1523
1529 1526 1527
1526 1529 1530
1530 1531 1526
1532 1530 1529
1529 1533 1532
1528 1533 1529
1533 1534 1532
1533 1535 1534
1534 1535 1536
1535 1528 1536
1536 1537 1534
1538 1537 1536
1536 1539 1538
1528 1540 1536
1540 1539 1536
1541 1527 1528
1540 1528 1542
1542 1543 1540
1544 1540 1543
1545 1540 1544
1546 1545 1544
1545 1546 1547
1547 1548 1545
1548 1549 1545
1549 1548 1538
1540 1545 1549
1547 1546 1550
1551 1547 1550
1552 1550 1546
1553 1551 1550
1550 1554 1553
1544 1554 1550
1554 1555 1553
1553 1555 1556
1557 1556 1555
1555 1558 1557
1558 1555 1559
1554 1544 1559
1559 1560 1558
1554 1561 1555
1544 1560 1559
1562 1560 1544
1558 1563 1557
1563 1558 1564
1565 1564 1558
1558 1560 1565
1562 1566 1560
1566 1565 1560
1567 1565 1566
1568 1562 1544
1566 1562 1568
1568 1569 1566
1569 1570 1566
1566 1570 1571
1572 1566 1571
1572 1571 1573
1571 1574 1573
1571 1575 1574
1570 1575 1571
1575 1576 1574
1572 1573 1577
1577 1578 1572
1579 1572 1578
1580 1578 1577
1566 1578 1580
1580 1581 1565
1563 1581 1580
1580 1582 1563
1577 1582 1580
1575 1583 1576
1583 1575 1584
1585 1583 1584
1584 1586 1585
1586 1584 1587
1584 1588 1587
1588 1584 1575
1589 1585 1586
1586 1590 1589
1587 1590 1586
1589 1590 1591
1587 1591 1590
1591 1592 1589
1593 1592 1591
1591 1594 1593
1223 1593 1594
1594 1221 1223
1221 1594 1595
1591 1595 1594
1595 1219 1221
1587 1219 1595
1218 1219 1587
1596 1587 1595
1218 1587 1597
1597 1587 1588
1597 1233 1218
1588 1569 1597
1233 1597 1598
1598 1597 1569
1598 1235 1233
1569 1599 1598
1600 1599 1569
1569 1568 1600
1601 1600 1568
1568 1543 1601
1568 1544 1543
1602 1601 1543
1543 1542 1602
1542 1603 1602
1603 1542 1528
1528 1525 1603
1525 1513 1603
1513 1604 1603
1602 1603 1604
1604 1513 1506
1506 1605 1604
1606 1605 1506
1506 1497 1606
1604 1607 1602
1604 1605 1607
1605 1606 1607
1608 1607 1606
1497 1609 1606
1610 1606 1609
1609 1479 1610
1611 1479 1609
1491 1611 1609
1497 1491 1609
1468 1611 1491
1612 1303 1613
1303 1612 1614
1615 1614 1612
1614 1616 1303
1303 1616 1313
1614 1615 1617
1618 1617 1615
1618 1615 1619
1618 1619 1620
1616 1614 1621
1614 1617 1621
1621 1622 1616
1616 1622 1623
1623 1351 1616
1313 1616 1351
1351 1337 1313
1325 1313 1337
1624 1620 1619
1264 1624 1619
1619 1274 1264
1274 1619 1615
1274 1615 1612
1612 1298 1274
1351 1623 1367
1625 1298 1292
1292 1290 1625
1289 1625 1290
1289 1278 1625
1274 1613 1625
1263 1626 1264
1263 1620 1626
1627 1620 1263
1263 1262 1627
1239 1627 1262
1627 1239 1238
1238 1628 1627
1628 1238 1237
1237 1629 1628
1629 1237 1236
1236 1630 1629
1234 1630 1236
1631 1632 1303
1633 1250 1634
1634 1257 1633
1635 1334 1332
1635 1332 1329
1368 1370 1636
1636 1637 1368
1638 1368 1637
1363 1637 1636
1638 1637 1363
1636 1639 1363
1640 1641 1526
1641 1640 1522
1642 1535 1643
1424 1644 1416
1645 1646 1647
1647 1443 1645
1447 1646 1645
1452 1646 1447
1447 1645 1445
1443 1648 1645
1649 1404 1650
1404 1651 1650
1651 1400 1650
1649 1650 1652
1653 1649 1652
1652 1650 1654
1650 1400 1654
1655 1653 1652
1652 1656 1655
1656 1652 1654
1654 1417 1656
1657 1656 1417
1656 1657 1658
1658 1659 1656
1654 1408 1417
1660 1658 1661
1661 1662 1660
1663 1662 1661
1660 1662 1664
1417 1664 1662
1664 1665 1660
1666 1665 1664
1664 1667 1666
1664 1668 1667
1420 1667 1668
1667 1420 1422
1422 1669 1667
1668 1418 1420
1664 1663 1670
1417 1418 1670
