byte offset: 0
first index: 23211
index count: 7317
topology: trianglelist
format: DXGI_FORMAT_R16_UINT

912 914 7009
912 7009 7010
7010 910 912
7010 7011 910
7012 910 7011
7012 904 910
7013 904 7012
7013 901 904
7014 901 7013
7014 896 901
7014 893 896
7014 7015 893
893 7015 7016
893 7016 894
7010 7017 7011
7017 7012 7011
7010 7018 7017
7019 7018 7010
7019 7010 7009
7015 7020 7016
7015 7021 7020
7014 7021 7015
7014 7022 7021
7023 7022 7014
7023 7014 7013
7024 7023 7013
7024 7013 7012
7017 7024 7012
7025 7026 7027
7028 7026 7025
7029 7026 7028
7030 7026 7029
7031 7026 7030
7027 7026 7032
7032 7026 7033
7033 7026 7034
7034 7026 7035
7035 7026 7036
993 995 7037
993 7037 7038
7039 993 7038
7039 990 993
7038 7040 7039
7038 7041 7040
7037 7041 7038
7037 7042 7041
7043 7044 7045
7043 7045 7046
7047 7044 7043
7047 7043 7048
7049 7047 7048
7049 7048 7050
7045 7051 7046
7045 7052 7051
7052 7053 7051
7052 7054 7053
7054 7055 7053
7054 7056 7055
7055 7056 7057
7055 7057 7058
7058 7057 7059
7058 7059 7060
7060 7059 7061
7060 7061 7062
7062 7061 7063
7062 7063 7064
7065 1066 1067
7065 1067 7066
7065 7066 7067
7068 1066 7065
7068 1068 1066
7069 7068 7065
7069 7065 7067
7070 7069 7067
7070 7067 7071
7067 7072 7071
7067 7073 7072
7066 7073 7067
7074 1068 7068
7074 3296 1068
7075 7074 7068
7075 7068 7069
7070 7075 7069
7070 7076 7075
7077 7076 7070
7077 7070 7078
7078 7070 7071
7078 7071 7079
7071 7072 7080
7071 7080 7079
7081 7077 7078
7077 7081 7082
7077 7082 7083
7084 7083 7082
7084 7085 7083
7081 7078 7086
7086 7078 7079
7086 7079 7087
7079 7080 7088
7079 7088 7087
7080 7089 7088
7080 7090 7089
7084 7091 7085
7084 7092 7091
7093 7091 7092
7090 7093 7089
7093 7094 7091
7090 7094 7093
7090 7080 7072
7090 7072 7095
7096 7091 7094
7096 7085 7091
7096 7094 7097
7097 7094 7090
7097 7090 7095
7073 7095 7072
7073 7098 7095
7096 7097 7099
7099 7097 7095
7095 7098 7099
7100 7098 7073
7066 7100 7073
1067 7100 7066
1067 3286 7100
7100 7101 7098
7099 7098 7101
3287 7101 7100
7100 3286 3287
7099 7101 7102
7102 7101 3287
7102 3287 3288
7099 7103 7096
7103 7104 7096
7096 7104 7085
7083 7085 7104
7083 7104 7105
7077 7083 7105
7077 7105 7076
7076 7105 7106
7104 7106 7105
7076 7106 7075
7075 7106 7107
7075 7107 7074
7107 3296 7074
7107 3294 3296
7108 3294 7107
7106 7108 7107
7108 3292 3294
7104 7109 7106
7106 7109 7108
7103 7109 7104
7103 7108 7109
3292 7108 7110
3292 7110 3289
7103 7110 7108
3288 3289 7110
3288 7110 7102
7099 7102 7110
7099 7110 7103
7111 7112 7113
7111 7113 7114
7114 7113 7115
7113 7116 7115
7115 7116 7117
7118 7115 7117
7117 7119 7118
7117 7120 7119
7121 7119 7120
7120 7122 7121
7120 7123 7122
7123 7120 7124
7125 7124 7116
7123 7124 7125
7121 7126 7119
7127 7123 7125
7127 7125 7128
7128 7129 7127
7128 7130 7129
7131 7129 7130
7131 7130 7132
7131 7132 7133
7131 7133 7134
7135 7129 7131
7135 7131 7136
7129 7135 7137
7129 7137 7127
7123 7127 7137
7123 7137 7122
7138 7134 7133
7138 7139 7134
7139 7138 7118
7139 7118 7119
7140 7134 7139
7140 7139 7141
7141 7139 7119
7141 7119 7126
7134 7140 7142
7134 7142 7131
7143 7144 7145
7143 7145 7146
7147 7145 7144
7147 7144 7148
7148 7144 7112
7148 7112 7149
7149 7112 7111
7149 7111 7150
7151 7150 7111
7151 7111 7152
7151 7152 7153
7153 7152 7154
7154 7152 7111
7153 7154 7155
7151 7153 7156
7157 7156 7153
7157 7153 7158
7159 7145 7147
7158 7159 7160
7158 7160 7161
7159 7147 7160
7154 7111 7114
7162 7158 7153
7162 7153 7155
7155 7163 7162
7163 7164 7162
7165 7164 7163
7166 7165 7163
7165 7166 7167
7165 7167 7168
7166 7169 7167
7166 7170 7169
7171 7169 7170
7171 7170 7172
7173 7171 7172
7173 7174 7171
7173 7172 7175
7176 7173 7175
7177 7176 7175
7178 7177 7175
7179 7177 7178
7179 7180 7177
7181 7179 7178
7181 7178 7182
7167 7169 7183
7183 7169 7171
7184 7171 7174
7185 7184 7174
7185 7174 7186
7186 7174 7187
7186 7187 7188
7187 7176 7188
7189 7186 7188
7189 7188 7190
7191 7189 7190
7191 7192 7189
7192 7191 7193
7192 7193 7168
7194 7193 7191
7195 7192 7168
7195 7168 7196
7197 7189 7192
7197 7192 7195
7186 7189 7197
7186 7197 7185
7167 7196 7168
7167 7198 7196
7167 7183 7198
7183 7171 7199
7184 7199 7171
7200 7201 7202
7200 7144 7201
7200 7112 7144
7203 7204 7205
7206 7204 7203
7206 7203 7207
7208 7206 7207
7208 7209 7206
7206 7210 7204
7206 7211 7210
7211 7212 7210
7213 7212 7211
7206 7209 7213
7206 7213 7211
7213 7209 7214
7215 7214 7209
7215 7209 7216
7209 7217 7216
7214 7215 7218
7214 7218 7219
7220 7219 7218
7221 7219 7220
7221 7222 7219
7222 7223 7219
7223 7214 7219
7222 7224 7223
7224 7222 7225
7222 7226 7225
7222 7227 7226
7221 7227 7222
7225 7226 7228
7225 7228 7229
7230 7225 7229
7224 7225 7230
7231 7224 7230
7231 7232 7224
7232 7223 7224
7233 7223 7232
7231 7230 7234
7230 7229 7234
7231 7234 7235
7236 7231 7235
7236 7237 7231
7237 7232 7231
7237 7236 7238
7237 7238 7239
7239 7240 7237
7237 7240 7232
7239 7241 7240
7240 7212 7232
7240 7242 7212
7241 7242 7240
7243 7232 7212
7243 7212 7213
7213 7214 7243
7223 7243 7214
7244 7239 7238
7244 7245 7239
7245 7241 7239
7246 7245 7244
7246 7247 7245
7247 7246 7248
7247 7248 7249
7241 7250 7242
7245 7251 7241
7247 7251 7245
7247 7252 7251
7249 7252 7247
7253 7250 7241
7253 7241 7251
7254 7253 7251
7254 7251 7252
7252 7249 7255
7252 7255 7254
7256 7254 7255
7254 7256 7257
7257 7253 7254
7253 7257 7258
7258 7250 7253
7259 7250 7258
7259 7260 7250
7261 7260 7259
7261 7262 7260
7263 7262 7261
7263 7264 7262
7265 7264 7263
7263 7266 7265
7263 7267 7266
7261 7267 7263
7265 7266 7268
7265 7268 7269
7270 7265 7269
7265 7270 7264
7270 7269 7271
7272 7270 7271
7272 7264 7270
7272 7271 7273
7273 7274 7272
7273 7275 7274
7274 7276 7272
7272 7276 7264
7276 7262 7264
7274 7277 7276
7278 7276 7277
7278 7277 7279
7276 7278 7262
7280 7262 7278
7280 7260 7262
7281 7278 7279
7282 7281 7279
7242 7250 7260
7242 7260 7283
7284 7242 7283
7284 7283 7285
7285 7283 7278
7284 7285 7286
7286 7285 7282
7287 7284 7286
7287 7288 7284
7284 7288 7210
7289 7210 7288
7289 7204 7210
7284 7210 7212
7284 7212 7242
7290 7289 7288
7290 7288 7287
7291 7289 7290
7291 7292 7289
7293 7289 7292
7293 7294 7289
7290 7295 7291
7290 7296 7295
7296 7290 7287
7287 7286 7297
7296 7287 7298
7297 7298 7287
7282 7297 7286
7294 7299 7205
7300 7301 7302
7301 7303 7302
7304 7300 7302
7305 7304 7302
7301 7306 7303
7306 7307 7303
7303 7307 7308
7303 7308 7309
7310 7308 7307
7311 7308 7310
7309 7308 7311
7311 7310 7312
7310 7307 7313
7313 7307 7306
7310 7313 7314
7310 7314 7315
7314 7313 7316
7313 7306 7316
7306 7317 7316
7317 7318 7316
7317 7319 7318
7319 7300 7304
7300 7319 7301
7319 7317 7301
7318 7319 7320
7321 7319 7304
7322 7319 7321
7322 7320 7319
7323 7322 7321
7324 7323 7321
7304 7324 7321
7323 7324 7325
7326 7323 7325
7325 7327 7326
7327 7328 7326
7329 7328 7327
7329 7327 7330
7331 7329 7330
7332 7331 7330
7333 7330 7327
7333 7332 7330
7327 7334 7333
7334 7335 7333
7305 7335 7334
7336 7305 7334
7324 7305 7336
7327 7325 7336
7327 7336 7334
7324 7336 7325
7335 7337 7333
7333 7337 7332
7331 7332 7338
7332 7339 7338
7339 7340 7338
7339 7341 7340
7341 7339 7342
7342 7332 7337
7342 7339 7332
7342 7337 7343
7344 7342 7343
7342 7344 7341
7344 7343 7345
7345 7341 7344
7343 7346 7345
7346 7347 7345
7345 7347 7348
7348 7341 7345
7347 7349 7348
7348 7349 7350
7351 7348 7350
7341 7348 7351
7341 7351 7352
7340 7341 7352
7346 7343 7353
7346 7353 7354
7337 7353 7343
7353 7337 7355
7335 7355 7337
7335 7305 7355
7356 7354 7353
7356 7353 7355
7356 7357 7354
7356 7355 7358
7359 7357 7356
7359 7356 7360
7360 7356 7358
7358 7361 7360
7362 7360 7361
7359 7360 7362
7362 7363 7359
7364 7363 7362
7364 7362 7365
7365 7362 7366
7362 7361 7366
7365 7366 7367
7367 7366 7368
7367 7368 7369
7370 7369 7368
7370 7368 7371
7372 7371 7368
7371 7372 7373
7372 7374 7373
7374 7375 7373
7374 7376 7375
7376 7377 7375
7376 7378 7377
7372 7379 7374
7375 7377 7380
7375 7380 7381
7373 7375 7381
7373 7381 7371
7370 7371 7381
7381 7382 7370
7383 7382 7381
7383 7381 7380
7376 7374 7384
7379 7384 7374
7376 7384 7385
7385 7378 7376
7385 7386 7378
7387 7386 7385
7388 7387 7385
7385 7384 7388
7389 7387 7388
7389 7388 7390
7391 7389 7390
7389 7391 7392
7389 7392 7393
7391 7394 7392
7391 7395 7394
7396 7395 7391
7391 7390 7396
7396 7397 7395
7397 7396 7398
7390 7398 7396
7397 7398 7399
7398 7400 7399
7398 7401 7400
7402 7387 7389
7402 7389 7393
7387 7402 7386
7403 7401 7398
7403 7398 7404
7390 7404 7398
7404 7405 7403
7405 7406 7403
7407 7405 7404
7407 7404 7390
7407 7390 7388
7406 7405 7408
7409 7408 7405
7409 7410 7408
7410 7411 7408
7410 7412 7411
7413 7411 7412
7413 7412 7311
7309 7311 7412
7414 7413 7311
7414 7311 7312
7312 7415 7414
7312 7416 7415
7310 7416 7312
7310 7315 7416
7417 7408 7411
7417 7411 7413
7417 7418 7408
7406 7408 7418
7419 7309 7412
7419 7412 7410
7309 7419 7420
7309 7420 7303
7421 7420 7419
7410 7421 7419
7421 7422 7420
7379 7422 7421
7379 7372 7422
7422 7372 7423
7368 7423 7372
7410 7409 7421
7421 7409 7424
7421 7424 7379
7379 7424 7384
7425 7384 7424
7425 7424 7426
7425 7388 7384
7426 7405 7425
7366 7423 7368
7366 7361 7423
7423 7361 7358
7423 7358 7427
7423 7427 7422
7428 7427 7358
7358 7355 7428
7355 7305 7428
7428 7305 7302
7420 7428 7302
7427 7428 7420
7420 7302 7303
7420 7422 7427
7304 7305 7324
7429 7430 7431
7432 7433 7164
7433 7432 7159
7433 7159 7434
7432 7145 7159
7432 7146 7145
7435 7436 7437
7435 7437 7438
7438 7437 7439
7438 7439 7440
7440 7439 7441
7440 7441 7442
7443 7442 7441
7443 7444 7442
7435 7445 7446
7444 7447 7448
7447 7449 7448
7448 7449 7450
7449 7181 7450
7181 7182 7450
7451 7452 7453
7451 7453 7454
7455 7453 7452
7455 7452 7456
7457 7454 7453
7457 7458 7454
7453 7455 7459
7453 7459 7457
7459 7460 7457
7459 7461 7460
7456 7462 7455
7456 7463 7462
7464 7460 7461
7464 7461 7465
7456 7452 7466
7456 7466 7467
7465 7461 7468
7463 7456 7469
7456 7467 7470
7462 7463 7471
7472 7462 7471
7472 7468 7461
7472 7461 7459
7472 7471 7473
7473 7471 7474
7471 7463 7474
7473 7474 7475
7472 7473 7476
7472 7476 7468
7477 7468 7476
7477 7478 7468
7476 7479 7477
7480 7479 7476
7480 7481 7479
7482 7483 7467
7483 7482 7484
7483 7484 7485
7486 7485 7484
7486 7484 7487
7482 7467 7488
7485 7486 7489
7486 7490 7489
7479 7489 7490
7487 7484 7491
7487 7491 7492
7493 7492 7491
7493 7494 7492
7495 7493 7491
7495 7491 7496
7484 7482 7496
7484 7496 7491
7496 7482 7488
7497 7495 7496
7496 7488 7497
7497 7488 7452
7497 7452 7451
7497 7498 7495
7499 7498 7497
7499 7500 7498
7454 7500 7451
7454 7501 7500
7501 7454 7458
7501 7458 7502
7503 7502 7458
7503 7458 7504
7504 7505 7503
7504 7506 7505
7506 7504 7460
7506 7460 7464
7457 7460 7504
7457 7504 7458
7507 7508 7509
7507 7509 7510
7511 7507 7510
7511 7512 7507
7507 7513 7514
7507 7514 7515
7516 7513 7507
7516 7507 7517
7463 7469 7518
7472 7459 7455
7472 7455 7462
7519 7520 7521
7519 7521 7522
7522 7523 7519
7522 7524 7523
7525 7524 7522
7525 7526 7524
7525 7527 7526
7525 7528 7527
7528 7529 7527
7528 7530 7529
7530 7528 7531
7530 7531 7532
7533 7532 7531
7533 7534 7532
7524 7535 7523
7524 7536 7535
7526 7537 7524
7537 7538 7535
7537 7539 7538
7539 7537 7540
7526 7540 7537
7539 7540 7541
7542 7539 7541
7542 7543 7539
7543 7538 7539
7544 7541 7540
7542 7541 7544
7544 7540 7545
7546 7544 7545
7546 7545 7547
7542 7544 7548
7546 7548 7544
7546 7549 7548
7545 7540 7526
7545 7526 7527
7527 7550 7545
7527 7529 7550
7543 7551 7538
7551 7543 7552
7553 7551 7552
7552 7554 7553
7555 7548 7549
7554 7556 7553
7557 7556 7554
7558 7557 7554
7557 7558 7559
7560 7557 7559
7555 7561 7559
7561 7560 7559
7562 7556 7563
7562 7563 7564
7563 7565 7564
7566 7564 7565
7566 7567 7564
7565 7568 7566
7565 7569 7568
7565 7563 7569
7570 7568 7569
7571 7568 7570
7571 7572 7568
7572 7566 7568
7573 7570 7569
7567 7566 7574
7572 7574 7566
7567 7574 7575
7576 7567 7575
7576 7577 7567
7564 7567 7577
7563 7578 7569
7564 7577 7579
7564 7579 7562
7579 7553 7562
7578 7580 7569
7580 7573 7569
7580 7578 7581
7581 7578 7563
7582 7581 7563
7583 7582 7563
7584 7585 7576
7584 7586 7585
7586 7584 7574
7587 7585 7586
7587 7586 7588
7589 7588 7586
7589 7590 7588
7586 7574 7589
7591 7590 7589
7590 7591 7592
7591 7593 7592
7591 7594 7593
7594 7591 7595
7591 7589 7595
7594 7595 7596
7590 7592 7597
7598 7595 7589
7598 7599 7595
7600 7587 7588
7600 7588 7601
7602 7588 7590
7602 7590 7597
7603 7600 7602
7603 7602 7604
7597 7604 7602
7597 7605 7604
7606 7592 7593
7606 7607 7592
7597 7592 7607
7597 7607 7605
7596 7608 7599
7596 7599 7571
7609 7610 7611
7609 7611 7521
7612 7521 7611
7612 7611 7613
7531 7612 7613
7531 7613 7533
7528 7612 7531
7528 7525 7612
7522 7521 7612
7522 7612 7525
7614 7615 7616
7614 7616 7617
7617 7616 7618
7619 7618 7616
7619 7620 7618
7619 7616 7621
7619 7621 7622
7623 7618 7620
7623 7624 7618
7624 7623 7625
7624 7625 7626
7618 7624 7627
7624 7628 7627
7624 7629 7628
7627 7628 7630
7627 7630 7631
7632 7631 7630
7632 7633 7631
7634 7631 7633
7634 7633 7635
7636 7634 7635
7636 7637 7634
7637 7636 7638
7637 7638 7639
7640 7627 7631
7640 7631 7634
7640 7634 7637
7641 7638 7636
7641 7636 7642
7642 7636 7635
7641 7642 7643
7641 7643 7644
7645 7643 7642
7645 7642 7646
7642 7635 7646
7647 7645 7646
7647 7646 7635
7647 7635 7633
7647 7648 7645
7648 7647 7649
7648 7649 7650
7633 7649 7647
7633 7632 7649
7651 7648 7650
7652 7651 7650
7643 7653 7644
7654 7651 7652
7655 7654 7652
7655 7656 7654
7656 7657 7654
7658 7657 7656
7659 7658 7656
7660 7653 7658
7659 7660 7658
7661 7660 7644
7662 7663 7664
7662 7664 7665
7666 7662 7665
7666 7665 7667
7663 7662 7668
7663 7668 7669
7662 7666 7670
7662 7670 7668
7670 7671 7668
7670 7672 7671
7673 7669 7668
7673 7668 7674
7674 7675 7673
7674 7676 7675
7676 7671 7672
7677 7673 7675
7677 7678 7673
7669 7673 7678
7679 7678 7677
7679 7677 7680
7678 7679 7681
7678 7681 7682
7669 7678 7682
7669 7682 7683
7683 7682 7681
7669 7683 7663
7670 7684 7672
7685 7672 7684
7676 7672 7685
7685 7684 7686
7683 7681 7687
7683 7687 7688
7687 7689 7688
7687 7690 7689
7683 7688 7691
7663 7683 7691
7679 7680 7692
7679 7692 7693
7693 7681 7679
7693 7694 7681
7695 7681 7694
7695 7694 7690
7686 7684 7696
7697 7686 7696
7663 7691 7664
7684 7698 7696
7670 7698 7684
7699 7698 7670
7699 7670 7666
7667 7699 7666
7667 7700 7699
7701 7699 7700
7698 7699 7701
7702 7701 7700
7703 7701 7702
7701 7703 7704
7704 7698 7701
7698 7704 7696
7703 7705 7704
7705 7706 7704
7706 7707 7704
7697 7707 7706
7708 7709 7710
7708 7710 7711
7710 7709 7712
7710 7712 7713
7714 7711 7710
7714 7710 7715
7716 7710 7713
7716 7717 7710
7718 7719 7720
7718 7720 7721
7719 7722 7720
7719 7723 7722
7723 7719 7724
7723 7724 7725
7726 7724 7719
7726 7719 7718
7727 7725 7724
7727 7724 7728
7726 7728 7724
7728 7729 7727
7728 7730 7729
7730 7728 7731
7726 7731 7728
7730 7731 7732
7733 7718 7721
7733 7726 7718
7733 7721 7734
7735 7722 7723
7735 7723 7736
7725 7736 7723
7737 7735 7736
7737 7736 7738
7739 7738 7736
7725 7739 7736
7739 7740 7738
7738 7740 7741
7738 7741 7742
7742 7737 7738
7739 7743 7740
7741 7740 7743
7739 7744 7743
7741 7743 7745
7746 7745 7743
7746 7747 7744
7746 7744 7748
7746 7749 7745
7727 7748 7744
7727 7729 7748
7744 7739 7725
7744 7725 7727
7742 7750 7737
7750 7742 7751
7752 7750 7751
7750 7752 7753
7754 7750 7753
7754 7755 7750
7754 7756 7755
7757 7756 7754
7757 7758 7756
7757 7759 7758
7757 7760 7759
7761 7759 7760
7762 7759 7761
7762 7763 7759
7763 7758 7759
7761 7760 7764
7765 7755 7756
7765 7756 7766
7766 7756 7758
7766 7767 7765
7766 7768 7767
7768 7769 7767
7768 7770 7769
7771 7770 7768
7771 7772 7770
7768 7766 7773
7768 7773 7771
7766 7758 7773
7763 7773 7758
7773 7763 7774
7773 7774 7771
7775 7772 7771
7775 7771 7774
7774 7776 7775
7775 7776 7777
7775 7777 7778
7772 7775 7778
7774 7779 7776
7772 7778 7780
7770 7781 7769
7770 7782 7781
7782 7770 7772
7782 7772 7780
7778 7777 7783
7778 7783 7784
7784 7780 7778
7784 7785 7780
7786 7780 7785
7786 7787 7780
7787 7786 7788
7787 7788 7781
7763 7779 7774
7763 7762 7779
7789 7790 7791
7790 7792 7791
7793 7790 7789
7794 7793 7789
7793 7794 7795
7796 7793 7795
7792 7790 7797
7790 7793 7797
7793 7796 7797
7753 7792 7797
7753 7752 7792
7752 7791 7792
7795 7764 7796
7764 7760 7796
7797 7796 7760
7753 7797 7754
7797 7757 7754
7757 7797 7760
7798 7789 7799
7751 7799 7752
7799 7800 7752
7801 7800 7799
7798 7802 7789
7802 7803 7789
7803 7802 7804
7802 7805 7804
7745 7749 7805
7749 7804 7806
7732 7807 7808
7732 7808 7809
7808 7807 7726
7808 7726 7810
7733 7810 7726
7811 7812 7813
7811 7813 7814
7815 7811 7814
7815 7816 7811
7811 7817 7812
7811 7818 7817
7811 7816 7819
7811 7819 7820
7821 7822 7823
7821 7823 7824
7822 7825 7823
7822 7826 7825
7827 7826 7822
7827 7828 7826
7827 7829 7828
7827 7830 7829
7831 7829 7830
7831 7830 7832
7832 7830 7833
7832 7833 7834
7824 7835 7821
7824 7836 7835
7837 7834 7833
7837 7838 7834
7839 7825 7826
7839 7826 7840
7840 7826 7828
7840 7841 7839
7840 7842 7841
7842 7840 7843
7840 7828 7843
7843 7828 7829
7842 7843 7844
7844 7845 7842
7841 7842 7845
7844 7846 7845
7847 7844 7843
7846 7844 7847
7847 7843 7848
7849 7847 7848
7849 7848 7850
7846 7847 7851
7851 7847 7849
7851 7849 7852
7850 7848 7829
7843 7829 7848
7850 7829 7831
7841 7845 7853
7854 7851 7852
7855 7854 7852
7853 7845 7856
7857 7853 7856
7858 7854 7855
7859 7858 7855
7859 7860 7858
7860 7861 7858
7856 7862 7857
7863 7862 7860
7862 7864 7857
7862 7865 7866
7867 7868 7869
7867 7869 7870
7869 7871 7870
7871 7872 7870
7871 7873 7872
7869 7874 7871
7875 7871 7874
7875 7874 7876
7871 7875 7877
7871 7877 7873
7875 7878 7877
7879 7877 7878
7879 7880 7877
7880 7873 7877
7875 7881 7878
7881 7875 7876
7880 7882 7873
7883 7867 7870
7883 7870 7872
7872 7884 7883
7872 7885 7884
7873 7882 7885
7873 7885 7872
7885 7886 7884
7885 7887 7886
7882 7887 7885
7882 7888 7887
7889 7888 7882
7889 7882 7880
7881 7876 7890
7890 7876 7891
7890 7891 7892
7892 7891 7893
7892 7893 7894
7894 7893 7895
7896 7894 7895
7895 7897 7896
7897 7898 7896
7898 7897 7899
7900 7898 7899
7900 7899 7901
7899 7902 7901
7902 7899 7903
7895 7903 7897
7903 7899 7897
7904 7902 7903
7904 7905 7902
7905 7901 7902
7906 7905 7904
7907 7906 7904
7908 7906 7907
7908 7907 7909
7910 7909 7907
7910 7907 7911
7907 7904 7911
7904 7903 7911
7911 7891 7910
7911 7912 7891
7909 7868 7908
7909 7869 7868
7874 7869 7909
7874 7909 7910
7876 7874 7910
7876 7910 7891
7895 7912 7911
7903 7895 7913
7914 7915 7916
7914 7916 7917
7918 7919 7920
7918 7920 7921
7918 7921 7922
7918 7922 7923
7924 7919 7918
7924 7918 7925
7918 7923 7926
7918 7926 7925
7640 7637 7617
7639 7617 7637
7639 7927 7617
7617 7618 7640
7618 7627 7640
7833 7928 7929
7833 7929 7837
7821 7929 7928
7821 7835 7929
7928 7833 7830
7928 7830 7827
7822 7821 7928
7822 7928 7827
7317 7306 7301
7930 7931 7932
7930 7932 7933
7930 7934 7931
7930 7935 7934
7936 7930 7933
7936 7937 7930
7930 7937 7938
7930 7938 7939
7940 7556 7562
7561 7941 7549
7942 7256 7943
7944 7256 7942
7944 7257 7256
7945 7257 7944
7945 7258 7257
7256 7255 7943
7946 7258 7945
7946 7259 7258
7259 7946 7947
7259 7947 7261
7261 7947 7267
3457 7948 7949
3457 7949 3458
7950 7949 7948
7950 7951 7949
7952 7953 7954
7952 7954 7955
7953 7952 7956
7953 7956 7957
7957 7956 7958
7957 7958 7959
7960 7955 7954
7960 7954 7961
7962 7959 7958
7962 7958 7963
7964 7965 7966
7964 7966 7967
7967 7968 7964
7967 7969 7968
7970 7968 7969
7970 7969 7971
7971 7972 7970
7971 7973 7972
7974 7975 7976
7977 7978 7976
7977 7979 7978
7980 7981 7977
7982 7981 7980
7982 7983 7981
7980 7977 7984
7985 7983 7982
7985 7986 7983
7987 7979 7988
7987 7988 7989
7988 7990 7989
7988 7991 7990
7992 7993 7987
7994 7995 7990
7994 7996 7995
7997 7998 7999
7998 7997 8000
7998 8000 8001
8002 8001 8000
8003 8004 8001
8003 8001 8005
8004 8006 8007
8004 8007 8008
8009 8008 8007
8009 8010 8008
8011 8012 8013
8011 8013 8014
8015 8012 8011
8015 8016 8012
8014 8017 8018
8014 8018 8019
8020 8021 8022
8020 8022 8023
8024 8025 8026
8024 8026 8027
8028 8029 8030
8028 8030 8031
8032 8028 8031
8032 8031 8033
8034 8032 8033
8034 8033 8035
8036 8034 8035
8036 8035 8037
8038 8036 8037
8038 8037 8039
8029 8040 8030
8029 8041 8040
8042 8035 8033
8031 8042 8033
8042 8043 8035
8042 8044 8043
8042 8045 8044
8044 8045 8046
8044 8046 8047
8048 8047 8046
8048 8049 8047
8050 8049 8048
8050 8048 8051
8051 8048 8052
8051 8052 8053
8049 8050 8054
8049 8054 8055
8056 8053 8052
8056 8057 8053
8055 8054 8058
8055 8058 8059
8060 8055 8059
8060 8061 8055
8061 8047 8049
8061 8049 8055
8054 8050 8062
8063 8056 8052
8056 8063 8064
8056 8064 8065
8063 8052 8066
8048 8066 8052
8048 8046 8066
8067 8053 8057
8067 8068 8053
8068 8067 8069
8068 8069 8070
8053 8068 8071
8072 8071 8068
8073 8071 8072
8074 8071 8073
8075 8071 8074
8053 8071 8051
8051 8071 8075
8050 8051 8075
8076 8050 8075
8075 8077 8076
8078 8077 8075
8077 8079 8076
8076 8079 8062
8076 8062 8050
8080 8070 8069
8081 8080 8069
8081 8082 8080
8080 8083 8070
8080 8084 8083
8080 8085 8084
8084 8086 8083
8084 8087 8086
8086 8087 8088
8089 8086 8088
8090 8086 8089
8091 8090 8089
8091 8089 8092
8083 8086 8093
8083 8093 8070
8093 8086 8094
8094 8086 8090
8087 8084 8095
8087 8095 8096
8097 8095 8084
8097 8084 8085
8085 8098 8097
8085 8099 8098
8100 8098 8099
8100 8099 8101
8082 8101 8099
8082 8102 8101
8094 8090 8103
8090 8104 8103
8104 8090 8091
8103 8072 8094
8094 8072 8093
8072 8068 8093
8093 8068 8070
8073 8072 8103
8103 8074 8073
8105 8074 8103
8106 8105 8103
8106 8103 8104
8107 8106 8104
8107 8104 8108
8109 8105 8106
8106 8110 8109
8110 8106 8107
8109 8110 8111
8112 8105 8109
8074 8105 8112
8109 8113 8112
8114 8113 8109
8114 8109 8115
8115 8116 8114
8115 8117 8116
8114 8116 8118
8114 8118 8119
8115 8109 8120
8121 8119 8118
8121 8122 8119
8123 8122 8121
8123 8121 8124
8123 8125 8122
8126 8125 8123
8127 8125 8126
8128 8125 8127
8125 8129 8122
8130 8129 8125
8125 8128 8130
8130 8128 8131
8131 8128 8132
8122 8133 8119
8122 8129 8133
8079 8133 8129
8079 8129 8130
8133 8079 8077
8131 8132 8134
8134 8135 8131
8135 8130 8131
8135 8134 8136
8136 8137 8135
8135 8137 8062
8079 8130 8062
8135 8062 8130
8136 8138 8137
8138 8136 8134
8137 8138 8139
8139 8138 8140
8138 8141 8140
8141 8138 8134
8140 8141 8142
8141 8143 8142
8144 8143 8141
8134 8144 8141
8133 8077 8078
8133 8078 8113
8134 8145 8144
8139 8054 8137
8062 8137 8054
8139 8058 8054
8112 8113 8078
8112 8078 8075
8074 8112 8075
8113 8114 8133
8133 8114 8119
8132 8145 8134
8146 8147 8148
8146 8148 8149
8146 8149 8150
8146 8150 8151
8149 8148 8152
8149 8152 8153
8153 8150 8149
8153 8154 8150
8155 8154 8153
8155 8156 8154
8156 8155 8157
8156 8157 8158
8158 8157 8159
8158 8159 8160
8161 8158 8160
8161 8162 8158
8162 8156 8158
8163 8162 8161
8163 8164 8162
8165 8163 8161
8165 8161 8166
8166 8167 8165
8166 8168 8167
8168 8169 8167
8168 8170 8169
8170 8168 8171
8170 8171 8172
8173 8172 8171
8173 8171 8174
8174 8175 8173
8174 8176 8175
8168 8166 8177
8168 8177 8171
8174 8171 8177
8174 8177 8178
8161 8177 8166
8161 8160 8177
8170 8179 8169
8170 8180 8179
8180 8181 8179
8180 8182 8181
8183 8182 8180
8183 8184 8182
8185 8184 8183
8185 8183 8172
8185 8172 8173
8185 8186 8184
8186 8185 8187
8186 8187 8188
8187 8185 8173
8187 8173 8175
8189 8177 8160
8159 8189 8160
8159 8190 8189
8191 8190 8159
8191 8192 8190
8192 8191 8193
8192 8193 8194
8190 8195 8189
8190 8196 8195
8192 8196 8190
8197 8189 8195
8189 8197 8177
8197 8195 8198
8198 8195 8199
8198 8199 8200
8201 8200 8199
8202 8200 8201
8202 8203 8200
8203 8198 8200
8204 8202 8201
8204 8201 8205
8206 8205 8201
8206 8201 8207
8201 8199 8207
8207 8208 8206
8206 8208 8209
8203 8210 8198
8210 8197 8198
8211 8199 8195
8212 8211 8195
8203 8213 8210
8213 8214 8210
8213 8215 8214
8202 8204 8216
8202 8216 8217
8218 8216 8204
8218 8204 8219
8205 8220 8219
8221 8206 8209
8220 8206 8221
8221 8209 8222
8220 8205 8206
8205 8219 8204
8223 8211 8212
8223 8199 8211
8223 8207 8199
8223 8224 8225
8225 8224 8226
8225 8226 8227
8223 8225 8228
8225 8208 8228
8229 8208 8225
8229 8225 8227
8230 8224 8223
8230 8226 8224
8230 8223 8231
8231 8232 8230
8230 8232 8233
8223 8212 8231
8229 8227 8234
8233 8235 8230
8230 8235 8226
8233 8236 8235
8212 8237 8231
8212 8238 8237
8239 8237 8238
8238 8196 8239
8239 8240 8237
8241 8240 8239
8241 8239 8242
8196 8242 8239
8243 8242 8196
8243 8244 8242
8243 8245 8244
8243 8246 8245
8244 8245 8247
8244 8247 8248
8242 8244 8248
8242 8248 8241
8241 8248 8249
8241 8249 8250
8248 8247 8251
8248 8251 8249
8252 8240 8241
8252 8241 8250
8252 8253 8240
8253 8254 8240
8255 8254 8253
8256 8254 8255
8256 8255 8257
8258 8254 8256
8258 8259 8254
8260 8259 8258
8260 8258 8261
8261 8262 8260
8261 8263 8262
8264 8260 8262
8231 8260 8264
8259 8260 8231
8259 8231 8265
8265 8254 8259
8265 8240 8254
8266 8253 8267
8268 8269 8270
8268 8270 8271
8272 8269 8268
8272 8273 8269
8272 8274 8273
8275 8274 8272
8276 8274 8275
8277 8276 8275
8278 8276 8277
8277 8279 8278
8277 8280 8279
8281 8279 8280
8281 8280 8282
8283 8281 8282
8283 8282 8284
8285 8283 8284
8285 8284 8286
8287 8288 8277
8287 8289 8288
8290 8288 8289
8290 8289 8291
8288 8290 8292
8288 8292 8293
8293 8292 8294
8293 8294 8295
8296 8294 8292
8296 8297 8294
8296 8298 8297
8299 8298 8296
8300 8298 8299
8300 8299 8301
8299 8296 8302
8303 8302 8296
8296 8292 8303
8303 8304 8290
8303 8290 8305
8305 8306 8291
8305 8291 8307
8303 8308 8302
8309 8297 8298
8309 8298 8300
8297 8309 8310
8297 8310 8311
8311 8310 8312
8311 8312 8313
8295 8311 8313
8295 8313 8314
8294 8311 8295
8294 8297 8311
8315 8295 8314
8315 8293 8295
8316 8293 8315
8316 8288 8293
8317 8318 8308
8317 8319 8318
8320 8317 8321
8320 8321 8322
8322 8321 8323
8322 8323 8324
8325 8324 8323
8325 8323 8326
8326 8327 8325
8326 8328 8327
8324 8325 8329
8327 8329 8325
8324 8329 8330
8330 8331 8324
8330 8332 8331
8332 8320 8331
8320 8333 8318
8334 8318 8333
8334 8335 8318
8335 8334 8336
8335 8336 8337
8338 8337 8336
8338 8336 8339
8336 8340 8339
8336 8334 8340
8337 8338 8341
8337 8341 8299
8302 8335 8337
8302 8337 8299
8308 8318 8335
8308 8335 8302
8340 8334 8342
8342 8334 8343
8343 8334 8333
8343 8344 8342
8343 8345 8344
8342 8344 8346
8347 8346 8344
8348 8346 8347
8348 8349 8346
8346 8349 8350
8350 8342 8346
8344 8351 8347
8352 8342 8350
8340 8350 8353
8339 8352 8353
8354 8350 8349
8351 8343 8355
8355 8343 8333
8320 8355 8333
8332 8355 8320
8351 8355 8356
8356 8355 8332
8351 8356 8357
8358 8351 8357
8358 8357 8359
8359 8357 8360
8361 8359 8360
8362 8359 8361
8363 8362 8361
8364 8363 8361
8363 8364 8365
8365 8364 8329
8327 8365 8329
8366 8367 8368
8366 8368 8369
8369 8368 8370
8369 8370 8371
8371 8370 8372
8371 8372 8373
8374 8366 8369
8366 8374 8375
8366 8375 8376
8376 8367 8366
8376 8375 8377
8376 8377 8378
8379 8376 8378
8376 8379 8367
8379 8378 8380
8380 8381 8379
8367 8379 8381
8380 8382 8381
8381 8382 8383
8381 8383 8384
8374 8369 8385
8371 8386 8385
8373 8386 8371
8371 8385 8369
8373 8387 8386
8373 8388 8387
8389 8381 8384
8389 8384 8390
8389 8390 8391
8391 8390 8392
8393 8389 8391
8367 8381 8389
8393 8367 8389
8065 8393 8391
8065 8064 8393
8065 8391 8394
8395 8394 8391
8395 8396 8394
8065 8394 8397
8397 8394 8398
8397 8398 8399
8398 8394 8400
8398 8400 8401
8402 8399 8398
8402 8081 8399
8067 8399 8081
8067 8081 8069
8057 8397 8399
8057 8399 8067
8397 8057 8056
8397 8056 8065
8102 8081 8402
8102 8082 8081
8080 8082 8099
8080 8099 8085
8213 8403 8404
8217 8403 8203
8217 8203 8202
8405 8203 8403
8406 8407 8408
8406 8408 8409
8410 8409 8408
8410 8411 8409
8412 8408 8407
8412 8407 8413
8408 8412 8414
8408 8414 8410
8414 8412 8415
8414 8415 8416
8411 8410 8417
8411 8417 8418
8419 8416 8415
8419 8420 8416
8411 8421 8409
8411 8422 8421
8420 8423 8416
8418 8424 8411
8411 8425 8422
8417 8426 8418
8427 8426 8417
8427 8414 8416
8427 8416 8423
8427 8428 8426
8428 8429 8426
8426 8429 8418
8428 8430 8429
8427 8423 8431
8427 8431 8428
8432 8431 8423
8432 8423 8433
8431 8432 8434
8435 8431 8434
8435 8434 8436
8437 8438 8422
8437 8422 8439
8439 8440 8437
8439 8441 8440
8442 8440 8441
8442 8443 8440
8441 8444 8442
8442 8444 8445
8434 8445 8444
8443 8446 8440
8443 8447 8446
8448 8446 8447
8448 8447 8449
8450 8446 8448
8450 8451 8446
8440 8446 8451
8440 8451 8437
8451 8438 8437
8452 8451 8450
8451 8452 8438
8452 8450 8453
8454 8452 8453
8454 8453 8455
8407 8406 8455
8407 8455 8456
8452 8406 8409
8452 8409 8421
8456 8413 8407
8456 8457 8413
8458 8413 8457
8458 8459 8413
8459 8458 8460
8459 8460 8461
8461 8415 8459
8461 8419 8415
8412 8413 8459
8412 8459 8415
8462 8463 8464
8462 8464 8465
8466 8463 8462
8466 8462 8467
8462 8468 8469
8462 8469 8470
8471 8462 8470
8471 8472 8462
8418 8473 8424
8427 8417 8410
8427 8410 8414
8474 8475 8476
8474 8476 8477
8475 8474 8478
8475 8478 8479
8480 8475 8479
8480 8479 8481
8480 8481 8482
8480 8482 8483
8483 8482 8484
8483 8484 8485
8485 8486 8483
8485 8487 8486
8477 8476 8488
8477 8488 8489
8490 8486 8487
8490 8487 8491
8479 8478 8492
8479 8492 8493
8481 8479 8494
8494 8492 8495
8494 8495 8496
8496 8497 8494
8496 8498 8497
8499 8498 8496
8499 8496 8500
8500 8496 8495
8501 8497 8498
8499 8501 8498
8501 8502 8497
8503 8502 8501
8503 8504 8502
8499 8505 8501
8503 8501 8505
8503 8505 8506
8481 8494 8497
8502 8481 8497
8502 8482 8481
8482 8502 8507
8482 8507 8484
8500 8495 8508
8508 8509 8500
8510 8509 8508
8509 8510 8511
8512 8506 8505
8510 8513 8511
8514 8511 8513
8515 8511 8514
8514 8516 8515
8517 8516 8514
8512 8516 8518
8516 8517 8518
8518 8506 8519
8520 8521 8513
8520 8522 8521
8521 8522 8523
8524 8523 8522
8524 8522 8525
8523 8524 8526
8523 8526 8527
8523 8527 8521
8528 8527 8526
8529 8528 8526
8529 8526 8530
8530 8526 8524
8531 8527 8528
8525 8532 8524
8530 8524 8532
8525 8533 8532
8534 8533 8525
8534 8525 8535
8522 8535 8525
8521 8527 8536
8522 8537 8535
8522 8520 8537
8537 8520 8510
8536 8527 8538
8538 8527 8531
8538 8539 8536
8539 8521 8536
8540 8521 8539
8541 8521 8540
8542 8534 8543
8542 8543 8544
8545 8544 8543
8545 8546 8544
8547 8544 8546
8547 8546 8548
8544 8547 8549
8544 8549 8542
8549 8547 8550
8549 8550 8551
8552 8550 8547
8552 8547 8548
8553 8550 8552
8552 8554 8553
8552 8555 8554
8548 8555 8552
8553 8556 8550
8548 8557 8555
8558 8546 8545
8558 8559 8546
8560 8557 8548
8560 8548 8546
8561 8560 8558
8561 8562 8560
8557 8560 8562
8557 8562 8563
8564 8554 8555
8564 8555 8565
8557 8563 8565
8557 8565 8555
8556 8529 8551
8556 8551 8566
8567 8561 8568
8567 8568 8569
8569 8563 8567
8569 8570 8563
8571 8563 8570
8571 8572 8563
8573 8564 8572
8573 8572 8574
8564 8573 8575
8564 8575 8576
8577 8576 8578
8577 8578 8579
8580 8577 8579
8580 8579 8581
8581 8582 8580
8581 8583 8582
8584 8585 8586
8584 8586 8587
8585 8588 8586
8589 8586 8588
8589 8588 8590
8590 8591 8589
8590 8592 8591
8590 8593 8592
8590 8594 8593
8594 8590 8588
8595 8593 8594
8595 8596 8593
8596 8595 8597
8596 8597 8598
8589 8599 8586
8589 8600 8599
8600 8589 8591
8601 8595 8594
8594 8588 8601
8601 8602 8595
8600 8591 8603
8598 8597 8604
8598 8604 8605
8604 8606 8605
8604 8607 8606
8607 8608 8606
8607 8609 8608
8601 8610 8611
8601 8611 8612
8610 8613 8611
8610 8614 8613
8615 8613 8614
8615 8614 8616
8617 8616 8614
8617 8618 8616
8619 8618 8617
8619 8617 8620
8620 8621 8619
8620 8622 8621
8623 8617 8614
8623 8614 8610
8623 8620 8617
8624 8619 8621
8624 8625 8619
8625 8618 8619
8624 8626 8625
8624 8627 8626
8628 8625 8626
8628 8629 8625
8625 8629 8618
8630 8629 8628
8630 8616 8618
8630 8618 8629
8630 8628 8631
8631 8632 8630
8631 8633 8632
8616 8630 8632
8616 8632 8615
8634 8633 8631
8635 8633 8634
8626 8627 8636
8635 8634 8637
8638 8635 8637
8638 8637 8639
8639 8637 8640
8641 8639 8640
8642 8639 8641
8641 8636 8643
8642 8641 8643
8644 8627 8643
8645 8646 8647
8645 8647 8648
8649 8646 8645
8649 8650 8646
8648 8651 8645
8648 8652 8651
8645 8651 8653
8645 8653 8649
8653 8651 8654
8653 8654 8655
8656 8651 8652
8656 8657 8651
8657 8656 8658
8657 8658 8659
8659 8655 8654
8660 8658 8656
8660 8656 8661
8652 8661 8656
8662 8660 8661
8662 8663 8660
8661 8664 8662
8661 8665 8664
8652 8665 8661
8652 8666 8665
8666 8664 8665
8652 8648 8666
8653 8655 8667
8668 8667 8655
8659 8668 8655
8668 8669 8667
8666 8670 8664
8666 8671 8670
8670 8671 8672
8670 8672 8673
8666 8674 8671
8648 8674 8666
8662 8675 8663
8662 8676 8675
8676 8662 8664
8676 8664 8677
8678 8673 8677
8678 8677 8664
8669 8679 8667
8680 8679 8669
8648 8647 8674
8667 8679 8681
8653 8667 8681
8682 8653 8681
8682 8649 8653
8650 8649 8682
8650 8682 8683
8684 8683 8682
8681 8684 8682
8685 8683 8684
8686 8685 8684
8684 8687 8686
8687 8684 8681
8681 8679 8687
8686 8687 8688
8688 8687 8689
8689 8687 8690
8680 8689 8690
8691 8692 8693
8691 8693 8694
8693 8695 8694
8693 8696 8695
8697 8693 8692
8697 8698 8693
8699 8696 8693
8699 8693 8700
8701 8702 8703
8701 8703 8704
8704 8703 8705
8704 8705 8706
8706 8707 8704
8706 8708 8707
8709 8701 8704
8709 8704 8707
8710 8707 8708
8710 8711 8707
8709 8707 8711
8711 8710 8712
8711 8712 8713
8713 8714 8711
8709 8711 8714
8713 8715 8714
8716 8702 8701
8716 8701 8709
8716 8717 8702
8718 8706 8705
8718 8719 8706
8708 8706 8719
8720 8719 8718
8720 8721 8719
8722 8719 8721
8708 8719 8722
8722 8721 8723
8721 8724 8723
8721 8725 8724
8725 8721 8720
8722 8723 8726
8724 8726 8723
8722 8726 8727
8724 8728 8726
8729 8726 8728
8729 8730 8727
8729 8727 8731
8729 8728 8732
8710 8727 8730
8710 8730 8712
8727 8710 8708
8727 8708 8722
8725 8720 8733
8733 8734 8725
8735 8734 8733
8733 8736 8735
8737 8736 8733
8737 8733 8738
8737 8738 8739
8740 8737 8739
8740 8739 8741
8740 8741 8742
8740 8742 8743
8744 8743 8742
8745 8744 8742
8745 8742 8746
8746 8742 8741
8744 8747 8743
8748 8739 8738
8748 8749 8739
8749 8741 8739
8749 8748 8750
8749 8750 8751
8751 8750 8752
8751 8752 8753
8754 8751 8753
8754 8753 8755
8751 8754 8756
8751 8756 8749
8749 8756 8741
8746 8741 8756
8756 8754 8757
8756 8757 8746
8758 8757 8754
8758 8754 8755
8757 8758 8759
8758 8760 8759
8758 8761 8760
8755 8761 8758
8757 8759 8762
8755 8763 8761
8753 8752 8764
8753 8764 8765
8765 8763 8755
8765 8755 8753
8761 8766 8760
8761 8767 8766
8767 8761 8763
8767 8763 8768
8769 8768 8763
8769 8763 8770
8770 8764 8771
8770 8771 8769
8746 8757 8762
8746 8762 8745
8772 8773 8771
8772 8771 8774
8772 8774 8775
8772 8775 8776
8775 8777 8776
8775 8778 8777
8779 8777 8778
8779 8780 8777
8781 8780 8779
8781 8782 8780
8782 8781 8783
8782 8783 8784
8783 8785 8784
8783 8786 8785
8786 8787 8785
8786 8788 8787
8789 8790 8791
8791 8790 8792
8793 8789 8791
8794 8789 8793
8793 8795 8794
8796 8795 8793
8792 8797 8791
8791 8797 8793
8793 8797 8796
8736 8797 8792
8736 8792 8735
8735 8792 8790
8795 8796 8747
8747 8796 8743
8797 8743 8796
8736 8737 8797
8797 8737 8740
8740 8743 8797
8798 8799 8789
8798 8789 8800
8800 8789 8801
8734 8735 8799
8801 8802 8800
8802 8803 8800
8735 8804 8799
8805 8799 8804
8728 8803 8732
8732 8806 8802
8715 8807 8808
8715 8808 8809
8808 8709 8809
8808 8810 8709
8716 8709 8810
8811 8812 8813
8811 8813 8814
8815 8812 8811
8815 8811 8816
8811 8814 8817
8811 8817 8818
8811 8819 8816
8811 8820 8819
8821 8822 8823
8821 8823 8824
8824 8823 8825
8824 8825 8826
8827 8824 8826
8827 8826 8828
8827 8828 8307
8827 8307 8291
8822 8821 8829
8822 8829 8830
8831 8826 8825
8831 8832 8826
8832 8828 8826
8832 8323 8828
8323 8307 8828
8323 8321 8307
8833 8307 8321
8833 8305 8307
8305 8833 8834
8305 8834 8303
8835 8827 8291
8835 8291 8289
8289 8272 8835
8289 8287 8272
8821 8835 8272
8821 8272 8829
8824 8835 8821
8824 8827 8835
8836 8837 8838
8836 8838 8839
8836 8840 8837
8836 8841 8840
8842 8836 8839
8842 8843 8836
8836 8843 8844
8836 8844 8841
8373 8845 8388
8372 8845 8373
8372 8846 8845
8846 8372 8063
8063 8372 8370
8063 8370 8064
8064 8370 8368
8064 8368 8393
8393 8368 8367
8846 8063 8066
8847 8846 8066
8066 8045 8847
8066 8046 8045
8848 8847 8045
8848 8045 8042
8031 8848 8042
8846 8847 8849
8846 8849 8845
8845 8849 8850
8845 8850 8388
8851 8849 8847
8851 8847 8848
8850 8849 8851
8030 8851 8848
8030 8848 8031
8040 8851 8030
8040 8852 8851
8850 8851 8852
8853 8170 8172
8853 8172 8183
8623 8585 8620
8622 8620 8585
8622 8585 8854
8585 8623 8588
8588 8623 8610
8588 8610 8601
8486 8490 8855
8486 8855 8856
8856 8855 8488
8856 8488 8476
8483 8486 8856
8483 8856 8480
8475 8480 8856
8475 8856 8476
8210 8214 8197
8214 8174 8197
8857 8176 8174
8215 8176 8857
8104 8091 8108
8110 8107 8858
8238 8195 8196
8238 8212 8195
8192 8243 8196
8194 8243 8192
8194 8246 8243
8859 8191 8159
8859 8159 8157
8860 8191 8859
8860 8193 8191
8861 8859 8157
8861 8157 8155
8153 8861 8155
8862 8860 8859
8862 8859 8861
8861 8152 8862
8861 8153 8152
8863 8044 8047
8863 8047 8061
8864 8044 8863
8864 8043 8044
8864 8035 8043
8864 8037 8035
8061 8865 8863
8061 8060 8865
8864 8039 8037
8864 8866 8039
8866 8864 8863
8866 8863 8865
8164 8867 8868
8164 8868 8162
8162 8868 8156
8868 8154 8156
8868 8869 8154
8867 8869 8868
8154 8869 8870
8154 8870 8150
8151 8150 8870
8151 8870 8871
8872 8873 8874
8872 8874 8875
8872 8875 8876
8872 8876 8877
8878 8873 8872
8878 8872 8879
8872 8880 8879
8872 8881 8880
8882 8520 8513
