byte offset: 0
first index: 0
index count: 13737
topology: trianglelist
format: DXGI_FORMAT_R16_UINT

0 1 2
1 0 3
4 1 3
3 5 4
5 3 6
6 7 5
7 6 8
9 7 8
9 8 10
11 10 8
10 11 12
11 13 12
14 12 13
13 15 14
12 16 10
17 16 12
16 17 18
18 19 16
10 16 19
12 20 17
21 19 18
22 19 21
23 22 21
24 22 23
24 23 25
25 26 24
27 26 25
25 28 27
29 27 28
30 27 29
31 30 29
29 32 31
22 33 19
19 33 10
10 33 9
34 33 22
24 34 22
9 33 34
35 34 24
26 35 24
36 35 26
36 26 27
27 37 36
30 38 27
38 37 27
30 31 38
29 28 39
40 29 39
41 32 29
29 40 41
40 39 42
40 42 41
42 39 43
43 44 42
44 43 45
37 38 46
46 47 37
46 48 47
49 43 39
39 50 49
39 25 50
28 25 39
25 51 50
25 23 51
51 23 52
23 21 52
52 21 53
21 18 53
54 53 18
18 55 54
55 56 54
56 55 14
57 56 14
14 58 57
59 56 57
56 60 54
56 59 60
53 54 60
59 61 60
62 61 59
63 57 58
64 57 63
57 64 65
57 65 59
62 59 65
65 66 62
65 64 67
67 66 65
67 64 63
66 67 68
68 69 66
70 68 67
71 61 62
72 66 69
62 66 72
69 73 72
72 73 74
74 75 72
75 71 62
75 62 72
60 61 76
77 76 61
61 71 77
77 71 75
78 75 74
75 78 77
74 79 78
78 79 80
81 78 80
82 81 80
80 83 82
84 82 83
83 85 84
86 84 85
84 86 87
87 86 88
86 89 88
90 89 86
84 87 91
91 92 84
82 84 92
92 91 45
45 93 92
93 45 43
43 49 93
92 94 82
81 82 94
94 92 95
92 93 95
95 93 49
49 96 95
49 50 96
50 51 96
96 51 97
51 52 97
97 52 98
97 98 76
76 98 60
60 98 53
52 53 98
99 95 96
76 99 97
96 97 99
99 76 77
100 94 95
94 100 81
95 99 100
77 100 99
100 77 78
78 81 100
101 102 103
104 101 103
105 102 101
101 104 106
106 105 101
106 104 107
107 108 106
108 107 109
109 110 108
110 109 5
5 109 4
48 105 106
106 111 48
111 106 108
47 48 111
110 5 7
110 7 112
108 110 112
112 7 9
112 9 113
34 113 9
113 34 35
35 114 113
112 113 114
112 115 108
108 115 111
114 115 112
114 35 36
36 116 114
115 114 116
111 116 47
116 111 115
37 47 116
116 36 37
117 0 2
0 117 118
119 0 118
3 0 119
3 119 6
6 119 8
119 11 8
119 120 11
120 119 118
13 11 120
13 120 121
13 121 122
122 15 13
123 121 120
123 122 121
120 118 123
124 122 123
125 124 123
125 70 124
123 126 125
126 127 118
118 117 126
67 128 70
128 67 63
91 44 45
129 130 131
131 132 129
133 131 130
130 134 133
135 131 133
135 133 136
135 137 131
137 132 131
138 137 135
137 139 132
140 139 137
140 141 139
142 141 140
143 142 140
144 142 143
145 144 143
143 146 145
143 140 147
147 140 137
137 138 147
147 148 143
146 143 148
148 149 146
144 145 150
150 145 146
150 151 144
142 144 151
150 146 152
139 141 153
153 141 142
153 154 139
139 154 129
142 155 153
151 155 142
156 146 157
129 158 139
159 160 161
161 162 159
162 163 159
164 159 163
163 162 165
162 166 165
165 166 167
168 165 167
168 167 169
170 168 169
171 168 170
172 171 170
171 172 173
173 174 171
175 168 171
165 168 175
171 176 175
176 171 174
175 177 165
165 177 163
174 178 176
179 173 172
173 179 174
172 180 179
180 172 170
181 174 179
182 169 167
182 170 169
167 183 182
170 182 184
170 184 180
185 186 174
187 183 167
167 188 187
187 162 161
162 187 166
189 190 191
189 192 190
193 194 190
190 195 193
196 197 195
195 198 196
199 200 201
201 200 202
203 204 201
204 203 205
206 207 203
206 203 208
209 210 211
211 210 212
212 213 211
213 212 214
214 215 213
209 211 216
217 218 219
219 218 220
219 220 221
221 220 222
223 221 222
223 224 221
225 226 227
227 226 228
228 229 227
229 228 230
230 231 229
230 232 231
233 234 235
235 236 233
237 236 235
235 238 237
239 237 238
233 240 234
241 242 243
243 244 241
244 245 246
246 247 244
248 249 250
250 251 248
252 248 251
251 253 252
252 253 254
249 255 250
256 257 258
257 256 259
259 256 260
261 262 263
263 264 261
265 266 267
267 268 265
269 270 271
270 269 272
273 274 275
276 277 278
277 279 278
280 278 279
279 281 280
282 283 284
284 283 285
286 287 288
287 286 289
288 287 290
291 290 287
290 292 288
290 293 292
294 293 290
295 294 290
296 294 295
296 297 294
298 297 296
298 299 297
300 299 298
298 301 300
302 303 300
302 304 303
302 305 304
306 304 305
305 307 306
307 308 306
308 309 306
308 310 309
311 310 308
308 312 311
311 312 313
314 313 312
315 312 308
300 316 302
317 318 319
318 317 320
320 317 321
321 322 320
323 324 325
323 325 326
327 328 329
330 328 327
327 331 330
330 331 332
332 333 330
333 332 334
334 335 333
335 334 336
337 335 336
336 338 337
336 334 339
340 336 339
340 341 336
338 341 342
342 343 338
344 343 342
345 343 344
346 345 344
344 347 346
348 346 347
348 349 346
348 350 349
351 350 348
351 352 350
353 352 351
353 351 354
351 355 354
351 348 355
348 347 355
352 353 356
357 356 353
356 357 358
359 358 357
358 359 360
355 347 361
362 355 361
363 362 361
361 364 363
365 363 364
366 365 364
365 366 367
368 365 367
369 366 364
370 364 361
364 370 369
344 370 361
361 347 344
360 359 371
371 372 360
373 360 372
372 374 373
373 374 375
375 376 373
373 376 377
373 377 378
379 378 377
380 379 377
379 380 381
379 381 382
382 383 379
378 379 383
384 378 383
383 385 384
385 383 386
383 382 386
386 387 385
387 386 388
388 389 387
389 390 387
391 390 389
389 392 391
393 389 388
388 394 393
394 388 395
395 386 382
386 395 388
395 382 381
395 396 394
381 397 395
396 395 397
397 398 396
399 398 397
399 397 400
400 397 381
381 401 400
401 381 380
380 402 401
402 380 377
377 403 402
403 377 376
404 403 376
405 404 376
406 405 376
376 407 406
375 407 376
375 408 407
401 409 400
401 410 409
402 410 401
400 409 411
405 406 412
412 413 405
413 412 414
414 415 413
416 415 414
414 417 416
408 375 418
419 418 375
419 375 374
374 420 419
372 420 374
372 421 420
421 372 371
422 421 371
371 423 422
421 424 420
420 424 419
424 418 419
421 422 425
425 424 421
426 425 422
422 427 426
423 427 422
427 428 426
429 426 428
426 429 430
425 426 430
430 429 431
431 432 430
428 427 433
431 434 432
435 428 433
433 436 435
437 436 433
438 436 437
436 438 435
437 439 438
440 438 439
439 441 440
441 442 440
442 441 443
442 443 444
443 445 444
445 446 444
447 446 445
448 447 445
448 449 447
450 449 448
449 450 451
451 450 452
444 446 453
453 442 444
454 448 445
455 448 454
455 450 448
456 450 455
456 452 450
457 452 456
456 458 457
459 458 456
459 456 460
460 456 455
457 461 452
462 461 457
462 463 461
462 464 463
464 465 463
465 464 466
460 455 467
467 455 454
468 467 454
468 454 445
445 443 468
469 460 467
469 470 460
470 471 460
469 467 472
472 467 468
472 468 473
473 468 443
473 443 441
473 441 439
439 474 473
472 473 474
475 470 469
476 475 469
477 476 469
469 472 477
474 477 472
478 476 477
365 476 478
363 365 478
478 362 363
479 362 478
479 355 362
355 479 354
365 368 476
480 354 479
480 479 478
478 481 480
481 478 477
354 480 482
353 354 482
357 353 482
357 482 483
359 357 483
359 483 423
371 359 423
484 423 483
427 423 484
484 433 427
433 484 485
433 485 437
486 485 484
482 486 483
486 482 480
486 437 485
484 483 486
486 480 481
481 487 486
437 486 487
487 481 477
477 474 487
437 487 439
487 474 439
488 489 490
489 491 490
488 492 489
490 491 493
493 491 494
493 494 495
495 494 496
496 497 495
497 496 498
498 499 497
499 498 500
500 501 499
500 502 501
503 504 505
505 504 506
506 504 507
507 508 506
507 509 508
510 508 509
511 505 506
506 512 511
512 506 508
508 513 512
513 508 510
513 510 514
509 507 515
507 516 515
507 504 516
504 517 516
503 517 504
518 517 503
519 505 511
505 519 520
520 519 521
521 522 520
523 520 522
522 524 523
524 522 525
525 526 524
527 526 525
528 527 525
528 529 527
525 530 528
530 525 522
522 521 530
523 503 520
520 503 505
531 529 532
531 532 533
533 534 531
534 533 535
536 535 533
536 537 535
538 537 536
539 537 538
540 539 538
539 540 541
541 542 539
543 529 544
545 543 544
543 545 546
547 546 545
546 547 548
549 548 547
548 549 550
550 549 518
518 551 550
517 541 552
517 552 516
516 552 553
553 515 516
554 555 556
557 556 555
555 558 557
558 559 557
560 559 558
559 560 561
561 562 559
562 561 563
563 340 562
564 562 340
562 564 565
566 340 563
567 340 566
340 567 568
369 568 567
369 370 568
568 370 344
568 344 342
568 342 341
568 341 340
366 369 567
567 566 366
366 566 569
367 366 569
569 570 367
569 571 570
572 571 569
572 569 566
572 573 571
566 563 572
572 574 573
574 572 563
563 561 574
574 575 573
576 574 561
574 576 577
577 575 574
578 577 576
577 578 579
579 578 580
578 581 580
581 582 580
582 581 583
584 583 581
584 581 578
576 584 578
576 585 584
561 585 576
585 586 584
587 577 579
588 589 583
586 588 590
591 586 590
592 587 593
593 575 592
594 595 593
595 594 596
596 594 571
597 598 599
600 598 597
600 601 598
602 601 600
602 565 601
565 602 603
604 605 606
606 605 607
607 605 608
607 608 609
607 609 610
610 606 607
611 610 609
609 612 611
606 610 613
604 606 614
606 613 614
611 612 615
391 615 612
391 392 615
615 392 616
617 613 610
610 611 617
615 616 617
617 611 615
618 614 619
620 621 622
622 623 620
624 621 620
621 624 625
620 626 624
620 623 626
627 624 626
627 625 624
626 628 627
628 629 627
628 630 629
394 629 630
394 396 629
396 631 629
629 631 627
630 393 394
625 627 632
631 632 627
631 396 398
398 633 631
632 631 633
398 399 633
399 411 633
400 411 399
634 635 636
636 637 634
638 636 635
635 639 638
639 640 638
640 639 641
641 639 642
643 642 639
644 642 643
642 644 645
645 644 646
644 647 646
647 644 643
646 647 648
641 642 649
649 642 645
650 641 649
641 650 640
649 651 650
650 651 652
652 653 650
650 653 654
654 640 650
643 655 647
648 647 656
656 657 648
647 658 656
647 655 658
656 658 659
659 658 660
658 661 660
659 660 662
663 659 662
663 662 664
665 663 664
666 665 664
664 667 666
668 666 667
667 669 668
656 659 670
670 659 663
670 663 671
671 663 672
663 673 672
672 673 674
672 674 675
676 675 674
675 676 677
675 677 678
678 677 679
677 680 679
677 676 680
681 672 675
675 678 681
672 681 671
673 682 674
683 668 684
684 685 683
686 683 685
685 687 686
687 688 686
689 643 639
655 643 689
689 690 655
655 690 658
661 658 690
691 692 693
694 692 691
694 695 692
695 694 696
695 696 697
698 697 696
699 698 696
700 698 699
701 700 699
702 700 701
703 702 701
704 702 703
702 704 705
705 706 707
707 708 705
708 707 709
709 710 708
711 712 710
713 714 715
716 713 717
717 718 716
718 717 719
717 720 719
721 722 719
723 722 721
724 725 722
725 724 726
724 727 726
726 727 728
729 726 728
730 726 729
726 730 725
729 731 730
732 731 729
729 733 732
733 729 728
724 734 727
735 734 724
722 735 724
736 737 738
738 466 736
739 466 738
466 739 740
736 741 737
737 741 742
743 739 738
743 738 737
739 743 744
745 737 742
745 742 746
737 747 743
745 747 737
748 747 745
743 747 748
749 744 743
743 748 749
745 750 748
751 749 748
748 750 752
753 752 750
753 754 752
755 752 754
756 755 754
757 755 756
756 758 757
756 759 758
760 759 756
755 757 761
761 752 755
752 761 762
762 748 752
762 763 751
748 764 751
750 765 753
766 765 750
750 745 766
766 745 746
767 756 754
768 763 769
769 770 768
749 768 770
770 771 749
771 770 772
772 773 771
773 772 740
740 772 774
775 740 774
740 775 463
463 775 776
776 461 463
461 776 777
777 452 461
452 777 451
778 779 780
781 779 778
779 781 782
782 781 657
656 782 657
780 783 778
780 784 783
360 373 378
378 384 360
360 785 358
358 785 786
358 786 787
787 356 358
788 356 787
356 788 352
789 352 788
352 789 350
350 789 790
790 349 350
349 790 791
791 346 349
791 345 346
792 793 794
794 793 795
793 796 795
797 795 796
798 797 796
799 797 798
800 799 798
800 801 799
793 792 802
792 803 802
803 792 804
805 803 804
804 806 805
807 805 806
806 808 807
809 807 808
808 810 809
810 811 809
812 811 810
813 811 812
812 814 813
815 813 814
814 816 815
816 817 815
816 818 817
819 818 816
820 818 819
820 819 821
822 821 819
821 822 823
823 654 821
654 653 821
824 823 822
822 825 824
826 824 825
825 827 826
826 827 828
829 828 827
830 828 829
831 830 829
830 831 832
833 832 831
831 834 833
829 835 831
836 831 835
831 836 804
829 827 837
837 835 829
838 837 827
827 825 839
840 839 825
825 822 840
839 841 837
840 841 839
837 841 842
819 840 822
833 843 832
844 843 833
833 834 844
834 845 844
846 844 845
847 846 845
795 846 847
842 848 837
835 837 848
848 849 835
835 849 836
850 819 816
816 851 850
850 851 852
852 851 853
854 855 856
854 856 857
857 856 858
859 858 856
856 860 859
856 861 860
861 856 862
861 862 863
857 858 864
859 860 820
820 860 861
820 865 859
864 858 866
867 866 858
858 859 867
867 859 865
866 867 868
868 867 869
865 869 867
869 870 868
870 869 653
869 865 653
653 652 870
418 866 868
864 866 418
653 865 821
821 865 820
424 864 418
864 424 871
872 871 424
871 872 434
434 873 871
432 434 872
872 430 432
425 430 872
424 425 872
857 871 873
873 854 857
871 857 864
874 875 434
876 877 878
876 453 877
442 453 876
879 876 878
876 879 440
440 442 876
879 438 440
879 435 438
878 435 879
435 880 881
881 880 877
877 882 881
877 883 882
429 881 882
431 429 882
882 883 431
881 428 435
428 881 429
417 884 416
416 884 885
885 415 416
886 415 885
415 886 887
887 413 415
887 405 413
404 405 887
403 404 887
403 887 402
402 887 410
820 861 818
818 861 863
818 863 817
888 889 637
634 637 889
889 888 890
890 888 891
892 890 891
893 888 894
893 894 895
895 894 896
893 897 892
896 898 895
899 892 897
897 900 899
901 895 898
898 902 901
903 901 902
902 904 903
905 903 904
904 906 905
907 905 906
908 899 900
900 909 908
910 908 909
909 911 910
912 910 911
911 913 912
906 914 907
915 912 913
907 916 915
916 907 914
917 915 916
914 918 916
916 918 919
917 916 919
917 919 920
920 921 917
920 922 921
919 918 923
920 919 923
923 924 925
924 926 925
842 812 810
368 367 570
338 927 341
928 929 930
931 928 930
932 928 931
928 932 933
933 932 934
934 935 933
934 936 935
931 930 937
937 930 938
938 939 937
939 938 940
941 942 943
942 941 944
945 942 944
941 943 946
947 948 949
947 950 948
951 947 949
951 952 947
951 953 952
951 954 953
949 955 951
955 956 951
956 957 951
958 959 960
960 961 958
958 961 962
963 958 962
964 958 963
965 958 964
962 966 963
961 967 962
963 966 968
968 969 963
963 969 970
970 971 963
972 967 961
972 961 973
961 974 973
961 975 974
976 968 966
966 977 976
977 966 962
976 977 978
979 976 978
980 967 972
980 981 967
962 967 981
962 982 977
981 982 962
983 981 980
982 984 977
985 977 984
981 983 986
986 982 981
987 980 988
989 990 991
990 992 991
993 992 990
993 994 992
995 994 993
993 996 995
997 995 996
996 998 997
992 999 991
992 1000 999
994 1000 992
995 1000 994
1001 999 1000
1000 1002 1001
1002 1000 1003
1004 1003 1000
995 1004 1000
997 1004 995
1005 1006 1007
1008 1005 1007
1005 1008 1009
1010 1005 1009
1010 1009 1011
1012 1010 1011
1013 1005 1010
1013 1006 1005
1010 1012 1013
1013 1012 1014
1012 1015 1014
1016 1015 1012
1016 1017 1015
1017 1016 1018
1019 1017 1018
1019 1018 1020
1018 1021 1020
1022 1021 1018
1018 1023 1022
1018 1024 1023
1023 1024 1012
1022 1023 1025
1023 1026 1025
1026 1023 1012
1022 1025 1027
1027 1025 1028
1029 1027 1028
1029 1022 1027
1030 1028 1025
1031 1028 1030
1032 1031 1030
1032 1030 1025
1032 1033 1031
1033 1034 1031
1034 1035 1031
1031 1035 1036
1028 1031 1036
1028 1036 1037
1038 1028 1037
1037 1039 1038
1037 1040 1039
1041 1028 1038
1041 1042 1028
1041 1043 1042
1043 1041 1038
1044 1043 1038
1044 1038 1045
1045 1038 1046
1040 1046 1039
1039 1046 1038
1046 1040 1047
1046 1047 1048
1040 1049 1047
1049 1050 1047
1051 1045 1046
1051 1044 1045
1047 1052 1048
1052 1047 1050
1043 1053 1042
1054 1043 1044
1054 1053 1043
1044 1055 1054
1056 1053 1054
1057 1056 1054
1057 1054 1058
1054 1055 1058
1055 1059 1058
1053 1056 1060
1053 1060 1021
1021 1060 1020
1048 1061 1062
1061 1063 1062
1063 1061 1064
1061 1065 1064
1063 1064 1066
1064 1067 1066
1062 1063 1068
1069 1062 1068
1068 1046 1069
1070 1046 1068
1071 1070 1068
1072 1071 1068
1072 1068 1073
1073 1068 1063
1074 1071 1072
1074 1075 1071
1076 1073 1063
1072 1076 1074
1076 1072 1073
1077 1063 1066
1066 1078 1077
1066 1079 1078
1079 1080 1078
1078 1080 1077
1081 1077 1080
1082 1081 1080
1083 1077 1081
1083 1084 1077
1084 1083 1085
1083 1086 1085
1084 1085 1063
1084 1063 1077
1087 1086 1083
1087 1083 1088
1081 1088 1083
1088 1081 1082
1080 1079 1089
1080 1089 1090
1079 1091 1089
1092 1090 1089
1090 1092 1093
1093 1082 1080
1080 1090 1093
1088 1094 1087
1088 1082 1094
1093 1094 1082
1087 1094 1095
1094 1096 1095
1093 1097 1094
1092 1097 1093
1098 1097 1092
1091 1099 1089
1100 1089 1099
1100 1092 1089
1101 1086 1087
1102 1101 1087
1086 1101 1103
1086 1103 1104
1105 1087 1095
1071 1075 1106
1070 1071 1106
1070 1106 1046
1107 1108 1109
1109 1108 1110
1111 1110 1108
1108 1112 1111
1113 1112 1108
1110 1114 1109
1114 1110 1115
1115 1116 1114
1117 1115 1110
1110 1111 1117
1115 1118 1116
1116 1118 1119
1119 1118 1120
1120 1118 1121
1121 1122 1120
1123 1121 1118
1118 1124 1123
1125 1124 1118
1117 1125 1115
1125 1118 1115
1122 1121 1126
1127 1122 1126
1128 1126 1121
1121 1123 1128
1126 1129 1127
1127 1129 1130
1130 1129 1131
1131 1129 1132
1132 1133 1131
1134 1133 1132
1135 1134 1132
1136 1132 1129
1136 1135 1132
1137 1136 1129
1128 1137 1126
1137 1129 1126
1138 1139 1140
1139 1138 1141
1139 1141 1142
1143 1138 1140
1143 1140 1144
1145 1061 1146
1048 1146 1061
1145 1065 1061
1065 1147 1064
1148 1064 1147
1074 1149 1150
1149 1151 1150
1079 1066 1152
1079 1152 1153
1153 1091 1079
1035 1154 1036
1155 1036 1154
1036 1155 1037
1037 1155 1040
1155 1156 1040
1156 1049 1040
1157 1108 1107
1158 1108 1157
1157 1159 1158
1159 1160 1158
1160 1159 1161
1161 1162 1160
1163 1162 1161
1164 1162 1163
1165 1160 1162
1166 1165 1162
1160 1165 1167
1167 1168 1160
1108 1169 1168
1160 1168 1169
1168 1113 1108
1170 1162 1164
1171 1166 1162
1162 1172 1171
1173 1171 1172
1174 1171 1173
1164 1175 1170
1175 1176 1170
1176 1175 1177
1177 1178 1176
1179 1178 1177
1180 1174 1173
1181 1180 1173
1182 1180 1181
1182 1181 1183
1183 1184 1182
1185 1178 1179
1186 1178 1185
1185 1187 1186
1188 1189 1190
1188 1191 1189
1191 1188 1013
1192 1191 1013
1192 1013 1014
1193 1194 1195
1193 1195 1009
1008 1193 1009
1008 1007 1193
1194 1193 1196
1194 1197 1195
1195 1197 1009
1011 1009 1197
1197 1194 1198
1197 1198 1032
1194 1199 1198
1200 1199 1194
1196 1200 1194
1198 1201 1032
1197 1032 1025
1026 1197 1025
1202 1011 1197
1026 1012 1197
1201 1198 1203
1199 1203 1198
1204 1205 1206
1207 1205 1204
1204 1208 1207
1209 1208 1204
1209 1210 1208
1211 1210 1209
1212 1209 1204
1212 1204 1206
1209 1212 1211
1212 1213 1211
1211 1213 1214
1215 1211 1214
1215 1214 1216
1216 1217 1215
1218 1217 1216
1218 1219 1217
1217 1219 1220
1221 1217 1220
1217 1221 1222
1217 1222 1223
1222 1211 1223
1221 1224 1222
1222 1224 1225
1225 1211 1222
1221 1226 1224
1226 1227 1224
1228 1227 1226
1228 1226 1221
1229 1224 1227
1230 1229 1227
1231 1229 1230
1224 1229 1231
1230 1232 1231
1230 1233 1232
1233 1230 1234
1230 1235 1234
1227 1235 1230
1227 1236 1235
1236 1227 1237
1237 1238 1236
1236 1238 1239
1240 1237 1227
1240 1227 1241
1240 1241 1242
1242 1237 1240
1243 1237 1242
1243 1244 1237
1244 1245 1237
1239 1238 1245
1238 1237 1245
1245 1246 1239
1245 1247 1246
1239 1246 1248
1248 1246 1249
1250 1245 1244
1250 1244 1243
1246 1247 1251
1251 1249 1246
1242 1241 1252
1253 1243 1242
1253 1242 1252
1243 1253 1254
1255 1253 1252
1256 1253 1255
1256 1257 1253
1253 1257 1254
1254 1257 1258
1252 1259 1255
1252 1220 1259
1220 1219 1259
1247 1260 1261
1261 1260 1262
1262 1263 1261
1261 1263 1264
1262 1265 1263
1263 1265 1266
1260 1267 1262
1267 1260 1268
1268 1245 1267
1269 1267 1245
1270 1267 1269
1271 1267 1270
1271 1272 1267
1272 1262 1267
1273 1271 1270
1273 1270 1274
1275 1262 1272
1271 1273 1275
1275 1272 1271
1265 1262 1276
1276 1277 1265
1265 1277 1278
1278 1277 1279
1277 1276 1279
1280 1279 1276
1281 1279 1280
1280 1276 1282
1282 1276 1283
1283 1284 1282
1282 1284 1285
1283 1262 1284
1283 1276 1262
1286 1282 1285
1286 1287 1282
1282 1287 1280
1280 1287 1281
1279 1288 1278
1279 1289 1288
1278 1288 1290
1291 1279 1281
1279 1291 1289
1289 1291 1292
1288 1289 1292
1293 1288 1292
1287 1286 1294
1281 1287 1294
1291 1281 1294
1286 1295 1294
1294 1295 1296
1291 1294 1297
1293 1292 1297
1292 1291 1297
1290 1288 1298
1299 1298 1288
1300 1286 1285
1301 1286 1300
1285 1302 1300
1285 1303 1302
1304 1295 1286
1270 1305 1274
1269 1305 1270
1269 1245 1305
1306 1307 1308
1307 1309 1308
1308 1309 1310
1310 1311 1308
1312 1308 1311
1309 1307 1313
1314 1309 1313
1315 1314 1313
1316 1309 1314
1309 1316 1310
1314 1315 1317
1315 1318 1317
1318 1319 1317
1319 1320 1317
1320 1319 1321
1317 1320 1322
1322 1323 1317
1324 1317 1323
1324 1314 1317
1324 1316 1314
1325 1320 1321
1325 1321 1326
1327 1320 1325
1327 1322 1320
1325 1326 1328
1326 1329 1328
1329 1330 1328
1330 1331 1328
1331 1330 1332
1333 1331 1332
1334 1331 1333
1335 1328 1331
1335 1331 1334
1336 1328 1335
1336 1325 1328
1336 1327 1325
1337 1338 1339
1339 1340 1337
1339 1341 1340
1342 1338 1337
1342 1343 1338
1261 1344 1345
1261 1345 1247
1344 1261 1264
1264 1263 1346
1347 1346 1263
1273 1348 1349
1349 1348 1350
1278 1351 1352
1278 1352 1265
1351 1278 1290
1234 1235 1353
1354 1353 1235
1235 1236 1354
1239 1354 1236
1239 1355 1354
1355 1239 1248
1356 1306 1308
1357 1356 1308
1356 1357 1358
1358 1357 1359
1359 1360 1358
1360 1359 1361
1362 1360 1361
1363 1362 1361
1361 1359 1364
1361 1364 1365
1359 1366 1364
1367 1366 1359
1367 1368 1308
1367 1359 1368
1308 1312 1367
1369 1363 1361
1361 1365 1370
1370 1371 1361
1372 1371 1370
1370 1373 1372
1363 1369 1374
1374 1369 1375
1375 1376 1374
1376 1375 1377
1378 1376 1377
1379 1372 1373
1380 1372 1379
1379 1381 1380
1382 1380 1381
1381 1383 1382
1384 1378 1377
1385 1384 1377
1384 1385 1386
1387 1388 1389
1387 1389 1390
1390 1212 1387
1391 1212 1390
1391 1213 1212
1392 1393 1394
1392 1208 1393
1207 1208 1392
1207 1392 1205
1394 1395 1392
1394 1393 1396
1393 1208 1396
1210 1396 1208
1396 1397 1394
1396 1231 1397
1394 1397 1398
1399 1394 1398
1395 1394 1399
1397 1231 1400
1224 1231 1396
1225 1224 1396
1401 1396 1210
1225 1396 1211
1400 1402 1397
1398 1397 1402
1403 1404 1405
1405 1404 1406
1406 1407 1405
1407 1406 1408
1408 1409 1407
1409 1408 1410
1410 1411 1409
1412 1411 1410
1411 1412 1413
1412 1414 1413
1415 1416 1417
1416 1415 1418
1417 1416 1419
1415 1420 1418
1418 1420 1421
1420 1422 1421
1421 1422 1423
1422 1424 1423
1423 1424 1425
1425 1424 1426
1426 1427 1425
1427 1426 1428
1429 1427 1428
1430 1431 1432
1432 1433 1430
1434 1432 1431
1431 1435 1434
1436 1434 1435
1435 1437 1436
1438 1436 1437
1437 1439 1438
1440 1438 1439
1439 1441 1440
1440 1441 1442
1442 1443 1440
1444 1443 1442
1445 1446 1433
1447 1448 1449
1448 1447 1450
1451 1452 1453
1453 1454 1451
1452 1451 1455
1456 1457 1458
1456 1459 1457
1460 1461 1458
1458 1462 1460
1463 1460 1464
1464 1465 1463
1466 1465 1464
1467 1465 1466
1468 1469 1470
1470 1471 1468
1468 1472 1469
1473 1471 1470
1471 1473 1474
1474 1473 1475
1474 1475 1476
1476 1475 1477
1476 1477 1478
1478 1477 1479
1478 1479 1480
1480 1479 1481
1481 1482 1480
1482 1481 1483
1484 1483 1481
1483 1484 1485
1483 1485 1486
1487 1488 1489
1490 1488 1487
1491 1490 1487
1491 1492 1490
1493 1492 1491
1493 1494 1492
1495 1494 1493
1495 1496 1494
1497 1496 1495
1495 1498 1497
1498 1499 1497
1500 1501 1502
1501 1500 1503
1503 1504 1501
1505 1504 1503
1505 1506 1504
1504 1507 1501
1508 1506 1509
1509 1510 1508
1511 1508 1510
1510 1512 1511
1513 1514 1512
1515 1516 1517
1517 1518 1515
1519 1518 1517
1519 1520 1518
1521 1520 1519
1522 1520 1521
1523 1521 1519
1521 1524 1522
1525 1524 1521
1525 1521 1523
1526 1524 1525
1527 1526 1525
1527 1525 1528
1528 1529 1527
1530 1525 1523
1523 1531 1530
1532 1526 1527
1527 1533 1532
1534 1532 1533
1533 1535 1534
1535 1536 1534
1537 1536 1535
1535 1533 1538
1539 1535 1538
1538 1533 1540
1533 1527 1540
1541 1542 1543
1542 1541 1544
1545 1544 1546
1546 1547 1545
1548 1549 1545
1550 1549 1548
1549 1550 1551
1552 1553 1554
1555 1554 1553
1553 1556 1555
1555 1556 1557
1558 1557 1556
1557 1558 1559
1560 1559 1558
1561 1562 1563
1564 1561 1563
1561 1564 1565
1565 1564 1566
1566 1567 1565
1568 1567 1566
1565 1569 1561
1570 1571 1572
1570 1573 1571
1574 1572 1571
1571 1575 1574
1576 1574 1575
1575 1577 1576
1576 1577 1578
1576 1578 1579
1579 1578 1580
1579 1580 1581
1581 1580 1582
1581 1582 1583
1584 1583 1582
1582 1585 1584
1586 1584 1585
1587 1586 1585
1588 1586 1587
1589 1588 1587
1588 1589 1590
1591 1590 1589
1590 1591 1592
1593 1592 1591
1594 1592 1593
1595 1596 1597
1598 1596 1595
1595 1599 1598
1600 1598 1599
1599 1601 1600
1602 1600 1601
1602 1603 1600
1604 1600 1603
1603 1605 1604
1606 1604 1605
1601 1607 1602
1602 1607 1608
1609 1608 1607
1609 1610 1608
1610 1611 1608
1611 1612 1608
1612 1611 1613
1613 1614 1612
1615 1614 1613
1613 1616 1615
1617 1615 1616
1618 1610 1609
1619 1618 1609
1609 1620 1619
1607 1620 1609
1619 1621 1618
1621 1619 1622
1622 1623 1621
1623 1622 1624
1624 1625 1623
1624 1626 1625
1627 1626 1624
1624 1628 1627
1628 1624 1629
1627 1630 1626
1626 1630 1631
1632 1626 1631
1633 1632 1631
1634 1633 1631
1635 1634 1631
1636 1635 1631
1637 1636 1631
1638 1637 1631
1631 1639 1640
1641 1640 1639
1639 1631 1642
1631 1643 1642
1643 1644 1642
1642 1644 1645
1642 1645 1646
1642 1647 1639
1642 1646 1648
1648 1647 1642
1649 1647 1648
1648 1646 1650
1648 1650 1651
1648 1651 1649
1647 1652 1639
1639 1652 1653
1653 1654 1639
1654 1655 1639
1652 1647 1656
1656 1647 1657
1656 1657 1658
1658 1659 1656
1659 1658 1660
1659 1660 1661
1660 1662 1661
1661 1662 1663
1663 1662 1664
1665 1666 1667
1666 1668 1667
1666 1665 1669
1670 1669 1665
1671 1669 1670
1670 1672 1671
1673 1671 1672
1667 1668 1674
1675 1674 1668
1674 1675 1676
1677 1676 1675
1676 1677 1678
1679 1678 1677
1679 1680 1678
1680 1679 1681
1680 1681 1682
1681 1683 1682
1682 1683 1684
1684 1685 1682
1686 1685 1684
1684 1687 1686
1686 1687 1688
1689 1688 1687
1688 1690 1686
1691 1686 1690
1686 1691 1685
1685 1691 1692
1692 1682 1685
1693 1682 1692
1682 1693 1680
1694 1689 1695
1696 1697 1698
1697 1696 1699
1700 1699 1696
1701 1702 1703
1703 1702 1704
1704 1705 1703
1705 1704 1706
1706 1707 1705
1707 1708 1709
1707 1710 1708
1711 1709 1708
1708 1712 1711
1713 1714 1715
1716 1715 1714
1714 1717 1716
1718 1716 1717
1717 1719 1718
1718 1719 1720
1719 1721 1720
1719 1722 1721
1723 1720 1721
1724 1720 1723
1725 1720 1724
1725 1724 1726
1721 1727 1723
1728 1723 1727
1727 1729 1728
1728 1729 1730
1730 1731 1728
1731 1730 1732
1731 1732 1733
1734 1733 1732
1734 1732 1735
1735 1732 1736
1629 1734 1735
1735 1736 1737
1737 1628 1735
1735 1628 1738
1732 1739 1736
1732 1740 1739
1740 1741 1739
1741 1740 1742
1742 1743 1741
1743 1742 1744
1744 1745 1743
1745 1744 1746
1745 1746 1747
1747 1748 1745
1747 1749 1748
1749 1747 1750
1750 1751 1749
1750 1752 1751
1751 1752 1753
1754 1753 1752
1754 1755 1753
1756 1755 1754
1756 1757 1755
1757 1756 1758
1746 1759 1747
1759 1760 1747
1759 1761 1760
1761 1762 1760
1761 1763 1762
1763 1764 1762
1763 1765 1764
1765 1766 1764
1765 1767 1766
1767 1768 1766
1769 1768 1767
1767 1770 1769
1771 1769 1770
1770 1772 1771
1771 1772 1773
1774 1775 1776
1775 1774 1777
1775 1777 1778
1779 1778 1777
1777 1780 1779
1781 1779 1780
1780 1782 1781
1782 1783 1781
1784 1785 1783
1785 1784 1786
1785 1787 1783
1788 1789 1786
1786 1790 1788
1791 1788 1790
1788 1791 1792
1793 1792 1791
1792 1793 1794
1794 1793 1795
1796 1797 1798
1799 1797 1796
1796 1800 1799
1801 1799 1800
1800 1802 1801
1802 1803 1801
1802 1804 1803
1805 1803 1804
1805 1806 1803
1803 1806 1807
1804 1649 1805
1808 1809 1810
1811 1812 1813
1814 1815 1816
1817 1818 1819
1820 1819 1818
1819 1820 1821
1822 1823 1824
1825 1822 1824
1826 1825 1824
1827 1825 1826
1828 1827 1826
1829 1827 1828
1828 1830 1829
1831 1829 1830
1830 1832 1831
1833 1831 1832
1832 1834 1833
1835 1833 1834
1834 1836 1835
1835 1836 1837
1838 1837 1836
1839 1840 1841
1842 1840 1839
1843 1840 1842
1844 1840 1843
1843 1845 1844
1846 1845 1843
1843 1847 1846
1843 1848 1847
1847 1848 1849
1848 1850 1849
1851 1849 1850
1849 1851 1852
1852 1853 1849
1854 1849 1853
1849 1854 1847
1847 1854 1855
1855 1846 1847
1854 1856 1855
1853 1856 1854
1857 1856 1853
1858 1857 1853
1858 1853 1859
1857 1860 1856
1855 1856 1860
1861 1860 1857
1862 1861 1857
1857 1863 1862
1864 1862 1863
1861 1865 1860
1860 1865 1866
1860 1866 1867
1860 1867 1855
1867 1846 1855
1868 1869 1850
1869 1868 1870
1871 1872 1873
1874 1875 1876
1516 1515 1877
1878 1879 1880
1881 1878 1880
1882 1883 1884
1570 1885 1573
1886 1726 1887
1888 1889 1890
1891 1892 1893
1894 1893 1892
1895 1894 1892
1896 1894 1895
1895 1897 1896
1897 1898 1899
1899 1900 1897
1901 1902 1898
1902 1903 1898
1904 1905 1902
1904 1906 1901
1901 1907 1904
1904 1908 1909
1910 1909 1908
1908 1911 1910
1912 1913 1914
1914 1915 1912
1914 1916 1915
1914 1917 1916
1917 1914 1918
1919 1918 1914
1914 1913 1919
1912 1920 1913
1920 1921 1913
1922 1921 1920
1920 1923 1922
1922 1923 1924
1924 1923 1925
1925 1923 1926
1927 1926 1923
1928 1926 1927
1928 1927 1929
1929 1930 1928
1931 1926 1928
1926 1932 1925
1932 1926 1931
1922 1933 1921
1934 1921 1933
1934 1933 1935
1936 1935 1933
1937 1935 1936
1935 1937 1938
1934 1935 1938
1939 1938 1937
1937 1940 1939
1941 1940 1937
1938 1939 1942
1934 1942 1943
1938 1942 1944
1939 1940 1945
1939 1945 1942
1942 1945 1946
1946 1943 1942
1946 1947 1943
1948 1943 1947
1943 1948 1934
1913 1934 1948
1948 1919 1913
1947 1919 1948
1919 1947 1949
1949 1918 1919
1949 1947 1950
1951 1950 1947
1947 1946 1951
1941 1952 1953
1952 1954 1953
1954 1952 1955
1955 1956 1954
1957 1955 1952
1958 1955 1957
1955 1958 1956
1958 1957 1959
1956 1958 1960
1960 1958 1961
1961 1958 1962
1958 1959 1962
1960 1963 1956
1954 1964 1953
1954 1956 1964
1956 1963 1964
1965 1964 1963
1966 1962 1959
1966 1967 1962
1968 1962 1967
1967 1969 1968
1969 1967 1970
1971 1959 1957
1971 1966 1959
1957 1972 1971
1972 1957 1952
1952 1973 1972
1952 1941 1973
1937 1973 1941
1974 1973 1937
1974 1972 1973
1936 1974 1937
1974 1936 1975
1936 1933 1975
1975 1933 1922
1922 1924 1975
1975 1924 1976
1976 1977 1975
1975 1977 1974
1977 1971 1972
1972 1974 1977
1978 1976 1924
1924 1925 1978
1925 1979 1978
1925 1932 1979
1978 1979 1980
1980 1979 1981
1981 1979 1982
1931 1982 1979
1979 1932 1931
1982 1931 1983
1984 1983 1931
1984 1931 1985
1986 1985 1931
1986 1987 1985
1986 1930 1987
1988 1984 1985
1987 1988 1989
1990 1981 1982
1981 1990 1980
1990 1991 1980
1990 1992 1991
1992 1993 1991
1993 1992 1970
1994 1970 1992
1990 1994 1992
1970 1994 1995
1990 1996 1994
1995 1994 1996
1996 1997 1995
1982 1996 1990
1996 1982 1998
1998 1997 1996
1999 2000 2001
2000 1999 2002
2003 2001 2000
2000 2004 2003
2004 2005 2003
2000 2002 2006
2007 2006 2002
2006 2007 2008
2008 2009 2006
2009 2010 2006
2011 2002 1999
2002 2011 2007
1999 2012 2011
2012 2013 2011
2007 2011 2013
2013 2012 2014
2015 2013 2014
2016 2007 2013
2013 2015 2016
2016 2017 2007
2017 2018 2009
2018 2017 2019
2019 2017 2020
2020 2021 2019
2020 2022 2021
2021 2022 2023
2022 2020 2024
2017 2024 2020
2017 2016 2024
2024 2016 2015
2015 2025 2024
2026 2024 2025
2026 2027 2024
2027 2028 2023
2023 2028 2029
2028 2027 2030
2031 2026 2025
2025 2032 2031
2032 2033 2031
2033 2034 2031
2031 2034 2026
2032 2025 2015
2015 2035 2032
2014 2035 2015
2036 2029 2028
2037 2029 2036
2030 2038 2028
2036 2028 2038
2038 2026 2034
2039 2040 2041
2042 2040 2039
2039 2041 2043
2044 2039 2043
2039 2044 2042
2044 2045 2042
2046 2045 2044
2043 2046 2044
2046 2043 2047
2048 2049 2050
2049 2051 2050
2049 2052 2051
2052 2049 2053
2054 2053 2049
2049 2055 2054
2055 2056 2048
2054 2055 2057
2058 2052 2053
2058 2059 2052
2060 2052 2059
2061 2052 2060
2062 2061 2060
2062 2063 2061
2064 2061 2063
2063 2065 2064
2064 2065 2066
2067 2066 2065
2066 2068 2064
2061 2064 2068
2068 2069 2061
2069 2070 2061
2069 2071 2070
2070 2071 2072
2073 2072 2071
2050 2072 2073
2072 2050 2051
2051 2070 2072
2070 2051 2052
2052 2074 2070
2071 2075 2073
2076 2075 2071
2071 2069 2076
2068 2077 2069
2077 2076 2069
2078 2077 2068
2078 2068 2079
2079 2067 2080
2080 2078 2079
2081 2077 2078
2077 2081 2082
2076 2077 2082
2081 2083 2082
2083 2081 2084
2076 2082 2085
2075 2076 2085
2086 2084 2081
2081 2078 2086
2087 2086 2078
2086 2087 2088
2089 2088 2080
2067 2089 2080
2088 2089 2090
2091 2092 2093
2094 2091 2093
2091 2095 2092
2096 2095 2091
2091 2094 2096
2096 2094 2097
2098 2096 2097
2096 2098 2095
2099 2095 2098
1934 1913 1921
2010 2009 2100
2100 2009 2018
2101 2010 2100
2101 2006 2010
2006 2101 2102
2006 2102 2000
2004 2000 2102
2058 2103 2059
2059 2103 2060
2062 2060 2103
1967 2104 2105
2104 2106 2105
2105 2106 1980
1978 1980 2106
2106 1976 1978
1977 1976 2106
2106 1971 1977
2106 1966 1971
2107 2108 2109
2109 2110 2107
2110 2111 2107
2109 2112 2113
2114 2113 2112
2115 2113 2114
2116 2115 2114
2114 2117 2116
2116 2117 2118
2118 2117 2119
2119 2120 2118
2121 2120 2119
2121 2119 2122
2117 2114 2123
2117 2123 2124
2124 2125 2117
2124 2123 2126
2127 2126 2123
2128 2123 2114
2123 2129 2127
2123 2128 2129
2130 2125 2124
2124 2131 2130
2131 2124 2126
2126 2132 2131
2133 2118 2120
2133 2116 2118
2133 2134 2116
2134 2115 2116
2134 2135 2115
2134 2133 2136
2136 2137 2134
2137 2138 2134
2137 2139 2138
2139 2137 2140
2140 2141 2139
2141 2140 2142
2142 2140 2143
2143 2140 2137
2137 2136 2143
2143 2144 2142
2142 2144 2145
2142 2145 2146
2142 2147 2141
2147 2142 2146
2144 2143 2148
2144 2149 2145
2143 2136 2150
2150 2148 2143
2151 2150 2136
2148 2150 2152
2152 2150 2153
2151 2153 2150
2121 2153 2151
2151 2120 2121
2120 2151 2133
2152 2154 2148
2154 2155 2148
2156 2155 2154
2156 2157 2149
2158 2157 2156
2159 2157 2158
2159 2160 2157
2161 2157 2160
2159 2158 2162
2162 2163 2159
2162 2164 2163
2164 2165 2163
2164 2166 2165
2166 2164 2167
2168 2167 2164
2164 2162 2168
2157 2161 2169
2146 2169 2161
2161 2170 2146
2146 2170 2171
2171 2172 2146
2172 2171 2173
2174 2172 2173
2174 2175 2172
2172 2175 2176
2176 2146 2172
2176 2175 2177
2178 2177 2175
2179 2177 2178
2180 2179 2178
2181 2177 2179
2177 2181 2176
2179 2182 2181
2182 2179 2183
2183 2184 2182
2179 2185 2183
2185 2179 2186
2184 2183 2187
2187 2188 2184
2183 2189 2187
2189 2183 2185
2175 2190 2178
2190 2175 2174
2191 2187 2192
2192 2193 2191
2187 2194 2192
2195 2192 2194
2196 2197 2198
2196 2198 2199
2199 2200 2196
2199 2201 2200
2202 2203 2204
2205 2202 2204
2206 2202 2205
2207 2206 2205
2202 2206 2208
2208 2203 2202
2209 2206 2207
2209 2208 2206
2207 2210 2209
2211 2209 2210
2211 2212 2209
2213 2212 2211
2212 2213 2214
2215 2214 2213
2216 2215 2213
2217 2215 2216
2213 2218 2216
2211 2218 2213
2216 2218 2219
2219 2220 2216
2214 2221 2212
2222 2219 2218
2218 2211 2222
2210 2222 2211
2223 2212 2221
2212 2223 2209
2209 2224 2208
2208 2224 2225
2225 2226 2208
2226 2225 2227
2209 2223 2224
2228 2216 2220
2216 2228 2229
2216 2229 2217
2230 2217 2229
2229 2231 2230
2230 2231 2232
2231 2233 2232
2234 2231 2229
2229 2228 2234
2232 2235 2230
2230 2235 2236
2230 2236 2217
2217 2236 2237
2217 2237 2215
2215 2237 2238
2215 2238 2214
2239 2214 2238
2221 2214 2239
2240 2241 2242
2243 2242 2241
2243 2244 2242
2241 2240 2245
2246 2245 2240
2247 2245 2246
2246 2248 2247
2249 2247 2248
2248 2250 2249
2251 2249 2250
2252 2251 2250
2253 2251 2252
2254 2253 2252
2255 2256 2257
2257 2258 2255
2256 2259 2257
2260 2257 2259
2257 2261 2258
2262 2261 2257
2127 2263 2264
2264 2265 2127
2265 2264 2266
2267 2171 2268
2157 2169 2149
2148 2155 2269
2136 2133 2151
2270 2271 2272
2270 2272 2273
2274 2271 2270
2274 2275 2271
2276 2275 2274
2276 2277 2275
2278 2277 2276
2278 2279 2277
2279 2278 2280
2280 2281 2279
2273 2272 2282
2273 2282 2283
2284 2283 2282
2282 2285 2284
2284 2285 2286
2284 2286 2287
2287 2286 2288
2289 2288 2286
2288 2289 2290
2291 2290 2289
2292 2281 2280
2293 2292 2280
2294 2295 2296
2296 2297 2294
2298 2295 2294
2294 2299 2298
2300 2298 2299
2299 2301 2300
2302 2300 2301
2301 2303 2302
2304 2302 2303
2303 2305 2304
2306 2304 2305
2305 2307 2306
2308 2306 2307
2307 2309 2308
2310 2308 2309
2309 2311 2310
2312 2310 2311
2311 2313 2312
2314 2312 2313
2313 2315 2314
2316 2314 2315
2315 2317 2316
2318 2319 2320
2320 2321 2318
2319 2318 2322
2322 2323 2319
2323 2322 2324
2324 2325 2323
2326 2325 2324
2324 2327 2326
2326 2327 2328
2329 2328 2327
2328 2329 2330
2330 2329 2331
2332 2321 2320
2321 2332 2333
2332 2334 2333
2335 2334 2332
2320 2335 2332
2333 2336 2321
2321 2336 2337
2337 2336 2338
2337 2338 2339
2338 2340 2339
2341 2339 2340
2340 2342 2341
2343 2341 2342
2342 2344 2343
2343 2344 2345
2346 2345 2344
2345 2347 2343
2348 2347 2345
2345 2349 2348
2345 2346 2349
2350 2349 2346
2351 2349 2350
2350 2352 2351
2353 2348 2349
2349 2351 2353
2353 2351 2354
2354 2351 2352
2354 2355 2353
2355 2354 2356
2356 2357 2355
2357 2356 2358
2358 2356 2359
2359 2360 2358
2358 2361 2357
2361 2358 2362
2362 2358 2360
2362 2363 2361
2360 2364 2362
2365 2357 2361
2361 2366 2365
2366 2361 2363
2363 2367 2366
2368 2355 2357
2357 2365 2368
2354 2369 2356
2359 2356 2369
2370 2367 2363
2371 2363 2362
2362 2364 2371
2363 2371 2372
2372 2370 2363
2373 2371 2364
2371 2374 2372
2371 2373 2374
2373 2375 2374
2376 2374 2375
2375 2377 2376
2376 2377 2378
2376 2379 2374
2379 2370 2372
2374 2379 2372
2376 2380 2379
2376 2381 2380
2378 2381 2376
2382 2381 2378
2381 2382 2383
2384 2381 2383
2380 2381 2384
2384 2385 2380
2380 2385 2386
2386 2387 2380
2386 2388 2387
2389 2388 2386
2390 2388 2389
2391 2390 2389
2392 2390 2391
2392 2391 2393
2393 2394 2392
2395 2392 2394
2394 2396 2395
2397 2396 2394
2398 2397 2394
2399 2397 2398
2398 2400 2399
2401 2399 2400
2402 2399 2401
2403 2402 2401
2401 2404 2403
2402 2405 2399
2399 2405 2397
2404 2401 2406
2406 2401 2400
2404 2406 2407
2400 2398 2408
2400 2408 2409
2409 2410 2400
2410 2406 2400
2406 2410 2411
2412 2397 2405
2412 2396 2397
2412 2413 2396
2396 2413 2395
2414 2395 2413
2395 2414 2415
2416 2415 2414
2392 2395 2415
2415 2390 2392
2415 2388 2390
2415 2416 2388
2417 2388 2416
2388 2417 2418
2388 2418 2387
2419 2387 2418
2387 2419 2380
2420 2421 2422
2422 2423 2420
2420 2423 2424
2424 2425 2420
2423 2422 2426
2426 2427 2423
2427 2426 2428
2423 2427 2429
2429 2424 2423
2429 2427 2430
2430 2431 2429
2431 2430 2432
2432 2433 2431
2432 2434 2433
2435 2421 2420
2420 2425 2435
2421 2435 2436
2435 2425 2437
2438 2436 2435
2435 2437 2438
2438 2439 2436
2438 2437 2440
2438 2440 2441
2441 2439 2438
2441 2440 2442
2439 2441 2443
2444 2428 2445
2427 2428 2444
2446 2444 2445
2445 2447 2446
2448 2449 2450
2450 2451 2448
2451 2452 2448
2452 2451 2453
2454 2453 2451
2454 2451 2450
2450 2455 2454
2456 2455 2450
2450 2449 2456
2457 2454 2455
2453 2454 2457
2455 2458 2457
2457 2459 2453
2460 2455 2456
2460 2458 2455
2460 2456 2461
2462 2461 2456
2463 2461 2462
2462 2464 2463
2465 2461 2463
2461 2465 2460
2463 2466 2465
2462 2467 2464
2468 2467 2462
2456 2468 2462
2469 2465 2466
2466 2470 2469
2460 2465 2471
2471 2465 2469
2458 2460 2471
2472 2469 2470
2470 2473 2472
2411 2472 2473
2473 2474 2411
2472 2411 2475
2475 2476 2472
2471 2469 2476
2476 2469 2472
2475 2477 2476
2475 2478 2477
2410 2478 2475
2411 2410 2475
2479 2476 2477
2476 2479 2471
2480 2471 2479
2471 2480 2458
2477 2478 2481
2478 2482 2481
2482 2478 2409
2478 2410 2409
2482 2409 2408
2408 2483 2482
2483 2408 2484
2398 2484 2408
2398 2394 2484
2394 2393 2484
2484 2485 2483
2485 2484 2393
2393 2486 2485
2486 2393 2391
2391 2487 2486
2487 2391 2488
2488 2391 2389
2488 2389 2489
2489 2389 2386
2489 2490 2488
2490 2489 2491
2491 2492 2490
2492 2491 2493
2494 2493 2491
2491 2495 2494
2496 2494 2495
2495 2497 2496
2496 2497 2498
2498 2499 2496
2499 2498 2500
2500 2501 2499
2500 2502 2501
2501 2502 2503
2503 2502 2504
2504 2505 2503
2498 2497 2506
2495 2506 2497
2506 2507 2498
2508 2506 2495
2491 2508 2495
2489 2508 2491
2503 2505 2509
2503 2509 2510
2501 2503 2510
2511 2501 2510
2499 2501 2511
2510 2509 2512
2512 2513 2510
2511 2510 2513
2514 2511 2513
2513 2512 2515
2513 2515 2516
2514 2513 2516
2517 2514 2516
2518 2517 2516
2516 2519 2518
2519 2516 2515
2515 2520 2519
2521 2518 2519
2518 2521 2522
2521 2523 2522
2522 2524 2518
2523 2521 2525
2519 2525 2521
2525 2519 2520
2525 2526 2523
2526 2525 2527
2520 2527 2525
2526 2527 2528
2529 2514 2517
2529 2530 2514
2530 2511 2514
2511 2530 2499
2496 2499 2530
2530 2531 2496
2530 2532 2531
2532 2530 2529
2533 2496 2531
2533 2531 2532
2496 2533 2494
2534 2494 2533
2494 2534 2535
2536 2535 2534
2534 2537 2536
2538 2533 2532
2534 2533 2538
2539 2536 2537
2537 2540 2539
2541 2539 2540
2540 2542 2541
2541 2542 2543
2543 2544 2541
2544 2543 2545
2545 2546 2544
2546 2545 2547
2547 2548 2546
2548 2547 2549
2549 2550 2548
2551 2550 2549
2549 2552 2551
2553 2551 2552
2552 2554 2553
2553 2554 2555
2556 2555 2554
2557 2555 2556
2556 2558 2557
2559 2557 2558
2558 2560 2559
2559 2560 2561
2559 2561 2562
2561 2563 2562
2564 2563 2561
2564 2561 2560
2563 2564 2565
2560 2566 2564
2558 2566 2560
2567 2565 2564
2564 2566 2567
2566 2558 2568
2568 2558 2556
2568 2569 2566
2567 2566 2569
2570 2567 2569
2571 2567 2570
2571 2570 2572
2572 2573 2571
2572 2570 2574
2569 2574 2570
2572 2574 2575
2571 2573 2576
2577 2571 2576
2567 2571 2577
2575 2574 2578
2575 2578 2579
2574 2569 2580
2580 2578 2574
2580 2569 2568
2579 2578 2581
2579 2581 2582
2582 2581 2583
2583 2584 2582
2584 2583 2585
2586 2583 2581
2581 2587 2586
2578 2580 2587
2587 2581 2578
2583 2586 2588
2583 2588 2585
2589 2585 2588
2585 2589 2590
2585 2590 2591
2592 2591 2590
2592 2590 2593
2593 2590 2594
2590 2589 2594
2593 2594 2595
2591 2596 2585
2594 2589 2597
2589 2598 2597
2589 2599 2598
2599 2589 2588
2597 2600 2594
2594 2600 2595
2595 2600 2601
2602 2600 2597
2600 2602 2603
2601 2600 2603
2601 2603 2604
2597 2598 2605
2605 2602 2597
2606 2604 2603
2606 2603 2602
2604 2606 2607
2602 2608 2606
2602 2605 2609
2609 2608 2602
2608 2609 2610
2610 2611 2608
2612 2607 2606
2608 2611 2612
2612 2606 2608
2607 2612 2613
2611 2610 2614
2614 2615 2611
2612 2611 2615
2615 2613 2612
2614 2616 2615
2616 2617 2615
2613 2615 2618
2615 2619 2618
2617 2619 2615
2609 2605 2620
2621 2620 2605
2605 2598 2621
2622 2621 2598
2598 2599 2622
2623 2614 2610
2624 2623 2610
2625 2624 2610
2620 2625 2609
2610 2609 2625
2623 2624 2540
2540 2537 2623
2623 2537 2626
2623 2626 2614
2626 2616 2614
2537 2534 2626
2626 2534 2538
2624 2625 2542
2542 2540 2624
2543 2542 2625
2625 2620 2543
2545 2543 2620
2620 2621 2545
2547 2545 2621
2622 2547 2621
2549 2547 2622
2627 2549 2622
2549 2627 2628
2586 2628 2627
2587 2628 2586
2628 2587 2629
2580 2629 2587
2580 2630 2629
2568 2630 2580
2628 2552 2549
2552 2628 2629
2629 2554 2552
2554 2629 2630
2630 2556 2554
2556 2630 2568
2622 2599 2627
2599 2588 2627
2586 2627 2588
2631 2632 2633
2633 2634 2631
2631 2634 2635
2635 2636 2631
2637 2634 2633
2635 2634 2637
2633 2638 2637
2637 2639 2635
2639 2637 2640
2638 2640 2637
2640 2641 2639
2631 2642 2632
2642 2631 2636
2642 2643 2632
2640 2638 2644
2645 2644 2638
2646 2640 2644
2641 2640 2646
2644 2647 2646
2648 2646 2647
2647 2649 2648
2650 2648 2649
2650 2649 2651
2652 2650 2651
2652 2651 2653
2654 2653 2651
2651 2655 2654
2656 2643 2642
2656 2657 2643
2657 2656 2658
2659 2657 2658
2658 2660 2659
2660 2661 2659
2661 2660 2662
2662 2663 2661
2664 2661 2663
2664 2665 2661
2662 2660 2666
2667 2666 2660
2667 2660 2658
2658 2668 2667
2668 2658 2656
2656 2669 2668
2670 2669 2656
2656 2642 2670
2636 2670 2642
2665 2664 2671
2672 2671 2664
2661 2665 2673
2673 2665 2671
2673 2659 2661
2657 2659 2673
2673 2674 2657
2643 2657 2674
2674 2675 2643
2671 2676 2673
2674 2673 2676
2632 2643 2675
2677 2678 2679
2679 2680 2677
2679 2681 2680
2682 2678 2677
2682 2683 2678
2684 2678 2683
2685 2678 2684
2684 2686 2685
2686 2681 2685
2677 2687 2682
2688 2682 2687
2687 2689 2688
2683 2682 2690
2690 2682 2688
2691 2688 2689
2689 2692 2691
2404 2691 2692
2691 2404 2407
2407 2693 2691
2693 2690 2688
2688 2691 2693
2692 2403 2404
2330 2331 2353
2353 2694 2330
2694 2353 2355
2355 2368 2694
2352 2369 2354
2481 2695 2696
2696 2697 2481
2698 2695 2481
2481 2699 2698
2700 2698 2699
2699 2701 2700
2702 2700 2701
2701 2703 2702
2704 2702 2703
2703 2705 2704
2705 2706 2704
2704 2706 2707
2707 2706 2490
2490 2492 2707
2708 2697 2696
2708 2709 2697
2710 2709 2708
2710 2711 2709
2459 2711 2710
2459 2457 2711
2706 2488 2490
2487 2488 2706
2705 2487 2706
2486 2487 2705
2703 2486 2705
2485 2486 2703
2701 2485 2703
2483 2485 2701
2699 2483 2701
2482 2483 2699
2481 2482 2699
2709 2711 2480
2480 2479 2709
2697 2709 2479
2481 2697 2477
2479 2477 2697
2711 2457 2458
2458 2480 2711
2712 2713 2714
2715 2714 2713
2716 2713 2712
2712 2717 2716
2714 2718 2712
2718 2714 2719
2718 2719 2720
2712 2721 2717
2721 2712 2718
2382 2717 2721
2717 2382 2722
2721 2718 2723
2720 2723 2718
2724 2723 2720
2720 2725 2724
2724 2725 2502
2502 2725 2504
2500 2724 2502
2726 2724 2500
2726 2723 2724
2498 2726 2500
2507 2726 2498
2727 2723 2726
2727 2721 2723
2507 2727 2726
2721 2727 2382
2383 2727 2507
2383 2382 2727
2383 2507 2384
2506 2384 2507
2384 2506 2508
2508 2385 2384
2385 2508 2489
2489 2386 2385
2728 2729 2730
2730 2731 2728
2728 2731 2732
2733 2732 2731
2734 2732 2733
2733 2735 2734
2734 2735 2736
2736 2737 2734
2737 2736 2738
2738 2739 2737
2739 2738 2740
2740 2741 2739
2730 2729 2742
2743 2742 2729
2742 2743 2744
2745 2742 2744
2742 2745 2730
2746 2741 2740
2740 2747 2746
2746 2747 2748
2746 2748 2749
2749 2748 2750
2750 2748 2751
2750 2751 2752
2753 2750 2752
2752 2754 2753
2752 2751 2755
2756 2752 2755
2754 2752 2756
2755 2757 2756
2754 2756 2758
2751 2759 2755
2755 2759 2760
2755 2760 2757
2757 2760 2761
2748 2762 2751
2751 2762 2759
2748 2747 2762
2763 2750 2753
2763 2749 2750
2764 2756 2757
2756 2764 2758
2757 2765 2764
2765 2757 2766
2757 2761 2766
2758 2764 2767
2764 2765 2768
2767 2764 2768
2768 2765 2769
2765 2766 2769
2768 2769 2770
2771 2768 2770
2768 2771 2767
2770 2772 2771
2770 2773 2772
2773 2770 2774
2770 2775 2774
2775 2770 2769
2776 2774 2775
2776 2777 2774
2777 2776 2529
2532 2529 2776
2776 2538 2532
2778 2538 2776
2775 2778 2776
2616 2778 2775
2775 2617 2616
2617 2775 2779
2619 2617 2779
2616 2626 2778
2778 2626 2538
2777 2529 2517
2773 2774 2780
2774 2777 2780
2780 2777 2517
2517 2518 2780
2781 2782 2783
2783 2784 2781
2785 2784 2783
2783 2786 2785
2784 2787 2781
2788 2787 2784
2789 2788 2784
2784 2785 2789
2789 2790 2788
2791 2790 2789
2791 2792 2790
2793 2792 2791
2792 2793 2794
2795 2783 2782
2786 2783 2795
2796 2795 2782
2795 2797 2786
2797 2795 2798
2795 2796 2798
2798 2799 2797
2800 2798 2796
2799 2798 2801
2801 2798 2800
2801 2802 2799
2800 2803 2801
2788 2804 2805
2806 2805 2804
2807 2806 2804
2806 2807 2808
2788 2805 2787
2809 2810 2811
2811 2812 2809
2811 2810 2813
2809 2812 2814
2815 2814 2812
2812 2816 2815
2817 2816 2812
2816 2817 2818
2818 2817 2813
2814 2819 2809
2819 2814 2820
2820 2821 2819
2814 2815 2822
2822 2820 2814
2821 2820 2823
2823 2824 2821
2824 2823 2591
2596 2591 2823
2823 2825 2596
2825 2820 2822
2820 2825 2823
2591 2592 2824
2826 2729 2827
2827 2828 2826
2829 2828 2827
2828 2829 2830
2830 2829 2831
2831 2832 2830
2832 2831 2833
2833 2834 2832
2834 2833 2835
2834 2835 2836
2835 2833 2837
2835 2837 2838
2838 2839 2835
2836 2835 2839
2836 2839 2840
2840 2839 2841
2840 2841 2842
2839 2838 2746
2746 2841 2839
2749 2841 2746
2842 2841 2749
2749 2763 2842
2729 2826 2743
2843 2844 2716
2717 2843 2716
2641 2646 2845
2846 2845 2646
2846 2646 2648
2847 2846 2648
2847 2648 2650
2848 2847 2650
2848 2650 2652
2644 2645 2849
2849 2647 2644
2647 2849 2850
2850 2649 2647
2651 2649 2850
2651 2850 2655
2851 2850 2849
2655 2850 2852
2852 2850 2851
2654 2655 2852
2654 2852 2853
2523 2854 2522
2474 2406 2411
2855 2856 2857
2858 2857 2856
2856 2859 2858
2860 2858 2859
2859 2861 2860
2862 2860 2861
2862 2863 2860
2864 2863 2862
2864 2865 2863
2866 2865 2864
2864 2867 2866
2868 2866 2867
2866 2868 2869
2870 2869 2868
2869 2870 2871
2872 2871 2870
2870 2873 2872
2874 2872 2873
2875 2874 2873
2876 2874 2875
2877 2876 2875
2877 2875 2878
2878 2879 2877
2878 2880 2879
2880 2878 2881
2880 2881 2882
2883 2880 2882
2884 2880 2883
2884 2879 2880
2884 2883 2885
2885 2886 2884
2883 2887 2885
2883 2888 2887
2883 2882 2888
2889 2887 2888
2888 2890 2889
2891 2889 2890
2890 2892 2891
2891 2892 2893
2893 2894 2891
2895 2893 2892
2893 2895 2896
2897 2893 2896
2896 2898 2897
2896 2899 2898
2899 2900 2898
2895 2901 2896
2901 2899 2896
2902 2892 2890
2892 2902 2895
2901 2895 2902
2893 2897 2903
2903 2904 2893
2905 2903 2897
2897 2906 2905
2906 2897 2898
2907 2904 2903
2903 2908 2907
2908 2903 2905
2905 2909 2908
2910 2909 2905
2905 2906 2910
2909 2910 2911
2912 2911 2910
2906 2913 2910
2914 2910 2913
2913 2915 2914
2916 2914 2915
2915 2917 2916
2918 2916 2917
2917 2919 2918
2920 2918 2919
2919 2921 2920
2921 2919 2922
2922 2923 2921
2921 2923 2924
2924 2925 2921
2926 2923 2922
2926 2927 2923
2923 2927 2928
2922 2929 2926
2921 2925 2930
2930 2920 2921
2931 2929 2922
2931 2922 2932
2932 2919 2917
2932 2922 2919
2933 2931 2932
2932 2934 2933
2917 2934 2932
2934 2917 2915
2915 2935 2934
2935 2915 2913
2934 2935 2936
2936 2933 2934
2935 2937 2936
2937 2935 2938
2938 2935 2913
2900 2937 2938
2898 2900 2938
2898 2938 2906
2913 2906 2938
2925 2939 2930
2930 2939 2940
2941 2939 2925
2925 2924 2941
2940 2939 2942
2942 2943 2940
2943 2942 2944
2944 2945 2943
2945 2944 2946
2947 2946 2944
2947 2948 2946
2948 2949 2946
2950 2949 2948
2944 2951 2947
2951 2944 2942
2946 2952 2945
2953 2952 2946
2952 2953 2954
2955 2954 2953
2942 2956 2951
2956 2942 2939
2939 2941 2956
2957 2958 2959
2960 2959 2958
2958 2961 2960
2960 2961 2962
2962 2963 2960
2964 2963 2962
2962 2965 2964
2966 2964 2965
2965 2967 2966
2968 2966 2967
2967 2969 2968
2970 2968 2969
2969 2971 2970
2972 2970 2971
2973 2972 2971
2974 2972 2973
2975 2974 2973
2976 2974 2975
2977 2976 2975
2977 2978 2976
2979 2978 2977
2978 2979 2980
2981 2980 2979
2980 2981 2982
2983 2982 2981
2982 2983 2984
2984 2985 2982
2985 2984 2986
2986 2987 2985
2988 2987 2986
2987 2988 2989
2989 2988 2990
2990 2991 2989
2991 2990 2992
2990 2993 2992
2994 2995 2996
2994 2996 2997
2997 2998 2994
2998 2997 2999
2999 3000 2998
3001 3000 2999
2999 3002 3001
3001 3002 3003
3003 3004 3001
3004 3003 3005
3004 3005 3006
3006 3005 3007
3006 3007 3008
3009 3008 3007
3008 3009 3010
3010 3009 3011
3011 3012 3010
3013 3012 3011
3013 3011 3014
3015 3013 3014
3014 3016 3015
3017 3015 3016
3016 3018 3017
3019 3017 3018
3018 3020 3019
3021 3019 3020
3022 3021 3020
3022 3023 3021
3024 3023 3022
3024 3025 3023
3025 3026 3023
2901 3026 3025
3026 2901 3027
2902 3027 2901
2902 3028 3027
3029 3028 2902
2890 3029 2902
3029 2890 2888
2888 2882 3029
3029 2882 2881
2881 3030 3029
2881 3031 3030
3031 3032 3030
2881 2878 3031
3032 3031 3033
3033 3034 3032
3028 3034 3033
2878 2875 3031
3031 2875 3033
2873 3033 2875
3028 3033 2873
2873 2870 3028
3028 2870 3027
2870 3035 3027
3027 3035 3026
3036 3037 3038
3038 3039 3036
3040 3039 3038
3040 3041 3039
3042 3041 3040
3043 3037 3036
3036 3044 3043
3043 3044 3045
3045 3046 3043
3046 3045 3047
3047 3048 3046
3048 3047 3049
3049 3050 3048
3050 3049 3051
3051 3052 3050
3052 3051 3053
3053 3054 3052
3054 3053 3055
3055 3056 3054
3056 3055 3057
3055 3058 3057
3057 3058 3059
3058 3060 3059
3059 3060 3061
3060 3062 3061
3061 3062 3063
3063 3064 3061
3063 3062 3065
3065 3066 3063
3067 3068 3069
3069 3070 3067
3071 3069 3068
3068 3072 3071
3073 3071 3072
3074 3067 3070
3070 3075 3074
3076 3074 3075
3075 3077 3076
3078 3076 3077
3077 3079 3078
3078 3079 3080
3080 3081 3078
3082 3083 3084
3084 3085 3082
3086 3084 3083
3083 3087 3086
3086 3087 3088
3089 3082 3085
3085 3090 3089
3089 3090 3091
3092 3091 3090
3091 3092 3093
3091 3093 3094
3094 3093 3095
3096 3095 3093
3097 3098 3099
3099 3098 3100
3099 3100 3101
3102 3101 3100
3101 3102 3103
3103 3102 3104
3104 3105 3103
3105 3104 3106
3106 3107 3105
3107 3106 2928
2928 2927 3107
3108 3109 3110
3111 3109 3108
3108 3112 3111
3113 3114 3115
3116 3117 3114
3116 3118 3117
3119 3120 3121
3120 3122 3121
3120 3119 3123
3124 3121 3122
3121 3124 3125
3125 3124 3126
3125 3126 3127
3127 3126 3128
3127 3128 3129
3129 3128 3130
3129 3130 3131
3132 3131 3130
3130 3133 3132
3132 3133 3134
3135 3134 3133
3134 3135 3136
3136 3137 3134
3138 3137 3136
3137 3138 3139
3140 3139 3138
3138 3141 3140
3140 3141 3142
3142 3143 3140
3143 3144 3140
3145 3143 3142
3146 3147 3148
3147 3146 3149
3150 3148 3147
3151 3149 3146
3149 3151 3152
3153 3152 3151
3152 3153 3154
3155 3154 3153
3154 3155 3156
3157 3158 3159
3159 3160 3157
3157 3161 3158
3162 3161 3157
3162 3163 3161
3164 3163 3162
3165 3163 3164
3164 3166 3165
3163 3165 3167
3167 3168 3163
3163 3168 3169
3170 3169 3168
3169 3170 3158
3166 3164 3171
3171 3172 3166
3164 3162 3173
3173 3171 3164
3174 3173 3162
3162 3157 3174
3167 3165 3175
3176 3175 3165
3166 3176 3165
3177 3176 3166
3177 3166 3172
3172 3178 3177
3175 3176 3179
3180 3179 3176
3180 3176 3177
3179 3180 3181
3182 3181 3180
3183 3182 3180
3180 3184 3183
3177 3184 3180
3184 3177 3178
3184 3185 3183
3186 3185 3184
3178 3186 3184
3187 3185 3186
3186 3188 3187
3188 3186 3178
3182 3189 3181
3190 3189 3182
3191 3190 3182
3182 3183 3191
3183 3185 3192
3192 3191 3183
3193 3192 3185
3185 3187 3193
3194 3189 3190
3190 3195 3194
3195 3196 3194
3196 3195 3197
3197 3195 3190
3190 3191 3197
3198 3196 3197
3192 3198 3191
3191 3198 3197
3199 3196 3198
3199 3192 3193
3192 3199 3198
3178 3200 3188
3201 3200 3178
3201 3202 3200
3202 3201 3203
3204 3203 3201
3203 3204 3205
3204 3206 3205
3205 3206 3207
3206 3174 3207
3208 3207 3174
3208 3174 3157
3157 3160 3208
3207 3208 3209
3210 3211 3212
3212 3213 3210
3214 3211 3210
3211 3214 3215
3210 3216 3214
3216 3210 3217
3217 3210 3213
3213 3218 3217
3219 3213 3212
3213 3219 3220
3220 3218 3213
3218 3220 3221
3222 3221 3220
3215 3214 3223
3223 3224 3215
3214 3225 3223
3225 3214 3216
3226 3224 3223
3224 3226 3227
3227 3226 3228
3228 3229 3227
3228 3226 3230
3230 3226 3223
3223 3225 3230
3230 3231 3228
3229 3228 3232
3232 3228 3231
3232 3233 3229
3234 3232 3231
3235 3232 3234
3234 3236 3235
3236 3237 3235
3237 3238 3235
3238 3233 3232
3232 3235 3238
3239 2886 3240
3239 2884 2886
3241 3239 3240
3241 3240 3242
3239 2879 2884
2879 3239 3241
3243 3241 3242
3242 3244 3243
3245 3243 3244
3244 3246 3245
3241 3247 2879
2879 3247 2877
3248 2877 3247
2877 3248 2876
3249 3248 3247
3249 3247 3250
3251 3247 3241
3243 3251 3241
3247 3251 3250
3252 3251 3243
3243 3245 3252
3251 3252 3253
3253 3250 3251
3254 3249 3250
3255 3254 3250
3256 3254 3255
3255 3257 3256
3257 3255 3258
3255 3259 3258
3250 3253 3259
3259 3255 3250
3257 3258 3260
3261 3257 3260
3262 3257 3261
3257 3262 3256
3263 3262 3261
3158 3264 3159
3159 3264 3265
3264 3158 3170
3266 3222 3220
3220 3219 3266
3267 3268 3269
3269 3268 3270
3270 3271 3269
3271 3270 3272
3272 3273 3271
3274 3273 3272
3272 3275 3274
3276 3274 3275
3275 3277 3276
3276 3277 3278
3276 3278 3279
3280 3279 3278
3278 3281 3280
3282 3280 3281
3281 3283 3282
3284 3282 3283
3282 3284 3285
3286 3285 3284
3287 3285 3286
3288 3287 3286
3289 3287 3288
3289 3290 3287
3290 3289 3291
3290 3291 3292
3290 3292 3293
3292 3294 3293
3295 3294 3292
3292 3296 3295
3296 3292 3291
3297 3295 3296
3296 3298 3297
3295 3297 3299
3299 3300 3295
3294 3295 3300
3300 3299 3301
3301 3302 3300
3302 3301 3303
3303 3304 3302
3305 3304 3303
3303 2894 3305
3306 3304 3305
3305 3307 3306
3307 3305 3308
3308 3309 3307
3309 3310 3307
3310 3309 3311
3306 3307 3312
3312 3307 3310
3313 3302 3304
3304 3306 3313
3312 3313 3306
3314 3308 3305
3305 2904 3314
3308 3314 3315
3315 3316 3308
3309 3308 3316
3315 3314 3317
3318 3317 3314
3314 3319 3318
3317 3320 3315
3321 3315 3320
3315 3321 3316
3322 3321 3320
3323 3321 3322
3316 3321 3324
3324 3321 3325
3325 3326 3324
3326 3325 3327
3327 3328 3326
3328 3327 3329
3329 3330 3328
3330 3329 3331
3331 3332 3330
3333 3330 3332
3332 3334 3333
3335 3334 3332
3332 3336 3335
3333 3334 3337
3337 3334 3338
3334 3339 3338
3333 3337 3340
3332 3331 3341
3341 3336 3332
3333 3340 3342
3342 3343 3333
3343 3328 3330
3330 3333 3343
3343 3342 3344
3344 3345 3343
3328 3343 3345
3345 3326 3328
3326 3345 3346
3346 3324 3326
3347 3346 3345
3345 3344 3347
3346 3347 3348
3348 3349 3346
3324 3346 3349
3311 3349 3348
3309 3349 3311
3316 3349 3309
3349 3316 3324
3350 3336 3341
3341 3351 3350
3336 3350 3352
3336 3352 3335
3351 3353 3350
3351 3354 3353
3355 3353 3354
3354 3356 3355
3355 3356 3357
3355 3357 3358
3358 3357 3359
3359 3357 3360
3361 3359 3360
3358 3362 3355
3362 3353 3355
3357 3356 3363
3364 3357 3363
3363 3365 3364
3366 3364 3365
3353 3362 3367
3350 3353 3367
3350 3367 3352
3368 3369 3370
3370 3369 3371
3371 3372 3370
3373 3372 3371
3371 3374 3373
3375 3373 3374
3373 3375 3376
3377 3376 3375
3376 3377 3378
3378 3377 3379
3379 3380 3378
3381 3380 3379
3381 3382 3380
3383 3382 3381
3383 3384 3382
3385 3384 3383
3385 3386 3384
3386 3385 3387
3387 3388 3386
3388 3387 3389
3389 3390 3388
3390 3389 3391
3391 3392 3390
3392 3391 3393
3393 3394 3392
3395 3394 3393
3393 3396 3395
3395 3396 3397
3398 3397 3396
3397 3398 3399
3398 3400 3399
3399 3400 3401
3400 3402 3401
3403 3401 3402
3401 3403 3404
3405 3406 3407
3406 3405 3408
3408 3405 3409
3410 3408 3409
3409 3411 3410
3410 3411 3412
3412 3413 3410
3414 3413 3412
3412 3415 3414
3414 3415 3416
3417 3416 3415
3418 3416 3417
3417 3419 3418
3420 3418 3419
3421 3420 3419
3422 3420 3421
3421 3423 3422
3422 3423 3424
3424 3425 3422
3425 3424 3426
3426 3427 3425
3427 3426 3428
3428 3429 3427
3429 3428 3430
3430 3431 3429
3432 3431 3430
3433 3431 3432
3433 3432 3434
3435 3433 3434
3435 3434 3436
3436 3434 3437
3312 3436 3437
3437 3438 3312
3438 3437 3439
3313 3312 3438
3313 3438 3440
3440 3441 3313
3302 3313 3441
3441 3300 3302
3300 3441 3294
3293 3294 3441
3441 3442 3293
3442 3443 3293
3443 3442 3444
3293 3443 3290
3444 3445 3443
3445 3444 3446
3446 3440 3445
3287 3290 3443
3443 3445 3287
3285 3287 3445
3285 3445 3440
3285 3440 3282
3438 3282 3440
3282 3438 3439
3447 3448 3449
3450 3449 3448
3448 3447 3451
3452 3451 3447
3453 3451 3452
3449 3450 3454
3454 3455 3449
3455 3454 3456
3457 3456 3454
3456 3457 3458
3459 3458 3457
3460 3458 3459
3459 3461 3460
3462 3460 3461
3463 3462 3461
3464 3462 3463
3463 3465 3464
3466 3464 3465
3465 3467 3466
3468 3466 3467
3466 3468 3469
3470 3469 3468
3469 3470 3471
3472 3471 3470
3471 3472 3473
3473 3472 3474
3474 3472 3475
3474 3476 3473
3476 3474 3477
3478 3479 3480
3480 3481 3478
3479 3478 3482
3482 3483 3479
3484 3483 3482
3481 3480 3485
3485 3486 3481
3486 3485 3487
3487 3488 3486
3488 3487 3489
3489 3490 3488
3491 3490 3489
3489 3492 3491
3493 3494 3495
3495 3496 3493
3496 3495 3497
3497 3498 3496
3497 3499 3498
3494 3493 3500
3500 3501 3494
3502 3501 3500
3502 3503 3501
3504 3503 3502
3502 3505 3504
3504 3505 3506
3506 3507 3504
3508 3509 3510
3510 3509 3511
3512 3511 3509
3513 3511 3512
3514 3513 3512
3515 3513 3514
3514 3516 3515
3517 3515 3516
3516 3518 3517
3518 3339 3517
3338 3339 3518
3519 3520 3521
3519 3521 3522
3522 3523 3519
3524 3525 3526
3527 3526 3525
3525 3528 3527
3529 3530 3531
3531 3532 3529
3529 3533 3530
3532 3531 3534
3535 3534 3531
3534 3535 3536
3535 3537 3536
3538 3536 3537
3537 3539 3538
3538 3539 3540
3541 3540 3539
3540 3541 3542
3542 3543 3540
3543 3542 3544
3544 3545 3543
3545 3544 3546
3544 3547 3546
3546 3547 3548
3547 3549 3548
3548 3549 3550
3550 3551 3548
3552 3551 3550
3550 3553 3552
3553 3550 3554
3555 3552 3553
3556 3557 3558
3558 3559 3556
3560 3558 3557
3561 3556 3559
3559 3562 3561
3563 3561 3562
3562 3564 3563
3563 3564 3565
3564 3566 3565
3567 3568 3569
3569 3570 3567
3567 3570 3571
3571 3572 3567
3572 3571 3573
3573 3574 3572
3575 3574 3573
3574 3575 3576
3577 3575 3573
3573 3578 3577
3578 3573 3579
3579 3580 3578
3580 3579 3570
3581 3574 3576
3576 3582 3581
3574 3583 3572
3583 3574 3581
3584 3572 3583
3572 3584 3567
3570 3585 3580
3575 3577 3586
3586 3587 3575
3576 3575 3587
3587 3588 3576
3582 3576 3588
3588 3589 3582
3590 3587 3586
3587 3590 3591
3591 3588 3587
3592 3591 3590
3592 3593 3591
3591 3593 3594
3594 3595 3591
3588 3591 3595
3595 3589 3588
3595 3594 3596
3597 3595 3596
3589 3595 3597
3597 3596 3598
3598 3599 3597
3589 3597 3599
3600 3593 3592
3600 3601 3593
3593 3601 3602
3602 3594 3593
3594 3602 3603
3603 3596 3594
3604 3598 3596
3596 3603 3604
3601 3600 3605
3605 3606 3601
3606 3605 3607
3607 3608 3606
3606 3608 3601
3601 3608 3602
3609 3608 3607
3603 3602 3609
3608 3609 3602
3610 3609 3607
3610 3604 3603
3609 3610 3603
3599 3611 3589
3589 3611 3612
3611 3613 3612
3614 3612 3613
3612 3614 3615
3615 3614 3616
3615 3616 3617
3617 3616 3618
3618 3584 3617
3619 3584 3618
3619 3567 3584
3567 3619 3568
3618 3620 3619
3621 3622 3623
3623 3624 3621
3625 3623 3622
3626 3625 3622
3625 3627 3623
3627 3628 3623
3624 3623 3628
3628 3629 3624
3621 3624 3630
3624 3631 3630
3624 3629 3631
3629 3632 3631
3633 3631 3632
3634 3625 3626
3626 3635 3634
3634 3636 3625
3636 3627 3625
3637 3634 3635
3638 3637 3635
3639 3637 3638
3638 3640 3639
3641 3637 3639
3641 3636 3634
3634 3637 3641
3639 3642 3641
3643 3639 3640
3642 3639 3643
3640 3644 3643
3643 3645 3642
3645 3643 3646
3646 3647 3645
3647 3646 3648
3648 3646 3649
3649 3646 3643
3643 3644 3649
3650 3651 3298
3298 3296 3650
3651 3650 3652
3652 3653 3651
3291 3650 3296
3291 3652 3650
3654 3653 3652
3653 3654 3655
3655 3654 3656
3656 3657 3655
3652 3291 3658
3291 3289 3658
3659 3658 3289
3289 3288 3659
3658 3659 3660
3660 3661 3658
3662 3652 3658
3654 3652 3662
3658 3661 3662
3656 3654 3663
3663 3654 3662
3662 3664 3663
3664 3662 3661
3665 3661 3660
3665 3666 3661
3667 3666 3665
3666 3667 3668
3668 3669 3666
3666 3669 3670
3661 3670 3664
3670 3661 3666
3668 3671 3669
3672 3671 3668
3673 3672 3668
3668 3667 3673
3674 3672 3673
3585 3570 3569
3569 3675 3585
3676 3631 3633
3631 3676 3630
3677 3678 3679
3679 3680 3677
3679 3678 3681
3677 3680 3682
3682 3680 3683
3682 3683 3684
3685 3684 3683
3686 3684 3685
3685 3687 3686
3686 3687 3688
3689 3686 3688
3690 3686 3689
3690 3691 3686
3692 3691 3690
3691 3692 3693
3694 3693 3692
3694 3695 3693
3695 3694 3696
3696 3697 3695
3697 3696 3698
3689 3688 3699
3687 3700 3688
3701 3699 3688
3702 3701 3688
3688 3700 3702
3703 3701 3702
3703 3702 3704
3704 3702 3700
3704 3705 3703
3706 3703 3705
3707 3703 3706
3701 3703 3707
3706 3708 3707
3705 3709 3706
3706 3709 3710
3708 3706 3710
3711 3710 3709
3710 3711 3712
3710 3712 3713
3710 3713 3708
3713 3712 3714
3714 3712 3715
3715 3716 3714
3716 3715 3717
3717 3718 3716
3719 3718 3717
3720 3719 3717
3719 3720 3721
3720 3722 3721
3722 3723 3721
3721 3723 3724
3721 3724 3725
3725 3726 3721
3721 3726 3719
3726 3725 3727
3728 3726 3727
3719 3726 3728
3728 3727 3729
3730 3728 3729
3729 3727 3731
3731 3732 3729
3733 3724 3723
3725 3724 3734
3727 3725 3734
3734 3731 3727
3724 3735 3734
3724 3733 3735
3736 3728 3730
3728 3736 3719
3730 3737 3736
3738 3736 3737
3736 3738 3718
3718 3719 3736
3739 3718 3738
3739 3716 3718
3716 3739 3740
3740 3714 3716
3714 3740 3741
3741 3713 3714
3742 3713 3741
3713 3742 3708
3743 3708 3742
3708 3743 3707
3701 3707 3743
3743 3744 3701
3699 3701 3744
3745 3746 3747
3747 3748 3745
3747 3746 3749
3749 3750 3747
3751 3749 3746
3746 3752 3751
3753 3751 3752
3752 3754 3753
3755 3754 3752
3755 3752 3756
3746 3745 3756
3756 3752 3746
3754 3755 3757
3757 3753 3754
3748 3747 3758
3758 3747 3750
3748 3758 3759
3760 3759 3758
3759 3760 3761
3761 3760 3762
3760 3763 3762
3760 3764 3763
3764 3765 3763
3766 3764 3760
3760 3758 3766
3750 3766 3758
3763 3765 3767
3768 3767 3765
3767 3768 3704
3704 3768 3769
3704 3769 3705
3705 3769 3770
3705 3770 3709
3709 3770 3771
3709 3771 3711
3711 3771 3772
3711 3772 3773
3712 3711 3773
3715 3712 3773
3773 3774 3715
3715 3774 3775
3776 3775 3774
3776 3777 3775
3775 3777 3720
3777 3722 3720
3717 3775 3720
3775 3717 3715
3773 3778 3774
3778 3776 3774
3773 3772 3778
3779 3780 3781
3780 3779 3782
3782 3779 3783
3783 3784 3782
3785 3784 3783
3783 3786 3785
3783 3787 3786
3787 3788 3786
3779 3789 3783
3789 3787 3783
3781 3789 3779
3788 3787 3790
3790 3791 3788
3787 3789 3792
3792 3790 3787
3793 3792 3789
3789 3781 3793
3785 3786 3794
3786 3795 3794
3795 3786 3788
3788 3796 3795
3796 3788 3791
3791 3797 3796
3798 3794 3795
3795 3799 3798
3799 3795 3796
3800 3798 3799
3799 3801 3800
3802 3800 3801
3801 3799 3803
3796 3803 3799
3803 3804 3801
3804 3803 3805
3796 3797 3805
3805 3803 3796
3805 3806 3804
3801 3804 3807
3807 3808 3801
3801 3808 3802
3808 3809 3802
3802 3809 3810
3810 3809 3811
3811 3809 3812
3811 3812 3813
3813 3812 3814
3813 3814 3815
3815 3816 3813
3816 3815 3817
3817 3818 3816
3818 3817 3819
3819 3820 3818
3821 3820 3819
3820 3821 3822
3823 3822 3821
3823 3824 3822
3824 3823 3825
3814 3812 3826
3826 3827 3814
3828 3814 3827
3814 3828 3829
3830 3829 3828
3829 3830 3831
3832 3831 3830
3831 3832 3833
3834 3833 3832
3833 3834 3835
3836 3835 3834
3834 3837 3836
3838 3836 3837
3837 3839 3838
3840 3838 3839
3838 3840 3841
3842 3841 3840
3827 3826 3843
3844 3843 3826
3843 3844 3845
3845 3844 3807
3807 3846 3845
3808 3807 3844
3844 3809 3808
3812 3809 3844
3844 3847 3812
3846 3807 3804
3804 3806 3846
3763 3767 3700
3700 3762 3763
3700 3767 3704
3848 3849 3850
3851 3852 3853
3854 3735 3733
3781 3855 3856
3855 3781 3780
3856 3793 3781
3793 3856 3857
