byte offset: 0
first index: 0
index count: 7602
topology: trianglelist
format: DXGI_FORMAT_R16_UINT

0 1 2
1 0 3
4 3 0
5 2 1
2 5 6
5 7 6
7 5 8
8 9 7
9 8 10
10 11 9
11 10 12
12 13 11
13 12 14
14 15 13
15 14 16
15 16 17
18 19 20
19 18 21
22 19 21
20 23 18
23 20 24
24 25 23
25 24 26
27 25 26
25 27 28
29 28 27
28 29 30
31 30 29
30 31 32
33 32 31
32 33 34
34 33 35
36 37 38
36 39 37
39 36 40
40 41 39
41 40 42
43 41 42
41 43 44
45 44 43
44 45 46
47 46 45
46 47 48
49 48 47
48 49 50
51 50 49
50 51 52
53 52 51
54 55 56
55 54 57
58 54 56
54 58 59
55 60 56
60 55 61
56 62 58
62 56 60
61 63 60
63 61 64
64 65 63
65 64 66
67 60 63
60 67 62
63 68 67
68 63 65
66 69 65
69 66 70
71 65 69
65 71 68
72 67 68
67 72 73
73 62 67
62 73 74
75 68 71
68 75 72
76 74 73
74 76 77
73 78 76
78 73 72
79 72 75
72 79 78
69 80 71
80 69 81
70 81 69
82 80 81
80 82 83
84 83 82
83 84 85
86 84 82
84 86 87
85 88 83
88 85 89
90 88 89
88 90 91
92 82 81
82 92 86
81 70 92
93 83 88
83 93 80
93 71 80
71 93 75
94 75 93
88 94 93
94 88 91
75 94 79
95 91 90
91 95 96
95 97 96
97 95 98
97 99 96
99 79 94
99 91 96
91 99 94
99 97 100
98 100 97
100 101 99
79 99 101
101 100 102
103 101 102
101 103 104
104 79 101
105 104 103
104 105 106
105 107 106
107 105 108
102 109 103
109 105 103
109 102 110
111 108 105
105 109 111
108 111 112
107 76 106
76 107 77
106 78 104
78 106 76
79 104 78
102 113 110
113 102 100
100 98 113
108 114 107
114 108 115
112 115 108
115 116 114
116 115 117
118 117 115
115 112 118
117 118 119
120 114 116
114 120 121
122 121 120
121 122 123
123 77 121
59 123 122
123 59 58
58 74 123
74 58 62
77 123 74
121 107 114
107 121 77
118 124 119
124 118 125
126 124 125
124 126 127
126 128 127
128 126 129
129 130 128
130 129 131
131 132 130
132 131 133
133 134 132
134 133 135
136 134 135
134 136 137
138 136 135
136 138 139
135 140 138
140 135 133
141 139 138
139 141 142
143 142 141
142 143 144
138 145 141
145 138 140
141 146 143
146 141 145
143 147 144
147 143 148
143 149 148
149 143 146
150 148 149
148 150 151
151 147 148
150 152 151
152 150 153
153 84 152
84 153 85
84 154 152
154 151 152
154 84 87
151 154 155
147 151 155
156 157 158
157 156 159
160 158 157
158 160 161
162 159 156
159 162 163
161 164 158
164 161 165
158 166 156
166 158 164
156 167 162
167 156 166
168 163 162
163 168 169
168 170 169
170 168 171
171 172 170
172 171 173
174 173 171
173 174 175
162 176 168
176 162 167
176 171 168
171 176 174
177 164 165
164 177 178
178 166 164
177 179 178
179 177 180
179 181 178
166 178 181
181 167 166
181 179 182
182 183 181
183 182 184
185 184 182
179 185 182
184 185 186
187 183 184
183 187 188
188 174 176
189 188 187
188 189 190
189 191 190
191 189 192
187 192 189
180 193 179
185 179 193
193 180 194
167 181 183
188 167 183
191 174 190
174 188 190
174 191 175
167 188 176
195 184 186
184 195 187
192 187 195
196 194 180
180 197 196
197 180 177
194 196 198
177 199 197
199 177 165
165 200 199
200 165 161
161 201 200
201 161 160
202 203 204
203 202 205
206 205 202
205 206 207
202 208 206
208 202 209
204 209 202
209 204 210
211 204 203
204 211 212
212 210 204
210 212 213
214 212 211
212 214 215
215 213 212
216 215 214
215 216 217
213 215 218
217 218 215
218 217 219
57 217 216
217 57 54
54 219 217
219 54 59
219 220 218
220 219 221
59 221 219
222 218 220
218 222 223
221 59 122
224 223 222
223 224 225
226 225 224
225 226 227
226 228 227
228 226 229
220 230 222
230 220 231
221 231 220
231 221 232
122 232 221
232 122 120
233 229 226
224 233 226
229 233 234
233 224 235
222 235 224
235 222 230
231 236 230
236 231 237
231 238 237
238 231 232
120 238 232
239 237 238
237 239 240
240 241 237
241 240 242
116 239 238
238 120 116
239 116 117
242 243 241
243 242 244
244 245 243
245 244 246
247 242 240
242 247 248
248 244 242
240 249 247
249 240 239
117 249 239
249 117 119
244 248 250
250 251 244
251 250 252
252 253 251
253 252 254
254 255 253
255 254 256
255 256 257
256 258 257
246 259 245
259 246 260
260 261 259
261 260 262
262 263 261
262 264 263
252 265 254
265 252 266
250 266 252
266 250 267
248 267 250
267 248 268
268 269 267
270 267 269
267 270 271
269 268 272
273 272 268
272 273 274
275 274 273
274 275 276
275 127 276
127 275 124
247 268 248
268 247 273
249 273 247
273 249 275
249 124 275
124 249 119
276 277 274
277 278 274
278 277 279
280 279 277
279 280 281
282 281 280
280 283 282
284 282 283
282 284 285
286 285 284
285 286 287
287 288 285
288 287 289
289 290 288
290 289 291
291 292 290
292 291 293
293 294 292
294 293 295
296 292 294
292 296 297
297 290 292
290 297 298
298 288 290
288 298 299
299 285 288
285 299 282
284 137 286
137 284 134
283 134 284
134 283 132
283 130 132
130 283 300
283 280 300
277 300 280
300 277 301
301 130 300
130 301 128
277 276 301
276 128 301
128 276 127
281 282 302
302 303 281
303 302 304
304 305 303
305 304 306
307 305 306
305 307 308
308 309 305
309 303 305
309 308 310
303 309 311
311 281 303
281 311 279
312 279 311
311 313 312
313 311 314
279 312 278
315 313 314
313 315 316
317 316 315
316 317 318
318 317 319
320 321 322
321 320 323
322 324 320
324 322 325
326 320 324
320 326 327
327 323 320
323 327 328
323 329 321
329 323 330
328 330 323
330 328 331
330 332 329
332 330 333
331 333 330
333 334 332
334 333 335
333 331 336
333 337 335
337 333 336
335 338 334
338 339 334
339 340 334
340 339 341
342 341 339
341 342 343
344 343 342
343 344 345
346 344 342
344 346 347
339 338 348
342 348 346
348 342 339
346 349 347
348 349 346
338 350 348
348 350 349
345 351 343
351 345 352
341 353 340
353 341 354
343 354 341
354 343 351
354 355 353
355 354 356
351 356 354
356 351 357
352 357 351
357 352 358
356 359 355
359 356 360
357 360 356
361 359 360
362 361 360
360 363 362
364 363 360
363 364 365
364 360 366
360 357 366
358 366 357
366 358 367
367 368 366
368 367 369
369 370 368
370 369 371
371 372 370
372 371 373
374 375 376
375 374 377
378 374 376
374 378 379
380 379 378
379 380 381
382 381 380
381 382 383
384 385 386
385 384 387
386 388 384
388 386 389
389 390 388
390 389 391
392 390 391
390 392 393
394 395 396
395 394 397
398 396 395
396 398 399
400 401 402
401 400 403
404 400 402
400 404 405
406 405 404
405 406 407
408 407 406
407 408 409
410 409 408
409 410 411
412 413 414
415 413 412
413 416 414
417 418 419
418 417 420
421 420 417
420 421 422
423 422 421
422 423 424
425 424 423
424 425 426
417 427 421
427 417 428
419 428 417
428 419 429
423 430 425
430 423 431
431 421 427
421 431 423
432 426 425
426 432 433
434 425 430
425 434 432
428 435 427
435 428 436
429 436 428
436 429 437
438 427 435
427 438 431
438 439 431
439 438 440
440 441 439
441 440 442
442 443 441
443 442 444
445 446 447
446 445 448
447 449 445
449 447 450
451 445 449
445 451 452
452 448 445
448 452 453
452 454 453
453 455 448
455 453 456
456 457 455
458 455 457
457 459 458
459 457 460
461 460 457
457 456 461
460 461 462
463 461 456
463 456 453
453 454 463
461 463 464
464 462 461
465 464 463
464 465 466
465 467 466
467 465 468
455 458 469
466 470 464
462 464 470
470 466 471
472 466 467
466 472 471
473 468 465
468 473 474
475 474 473
474 475 476
477 465 463
465 477 473
478 473 477
473 478 479
480 476 475
476 480 481
482 479 478
479 482 483
484 474 476
474 484 485
485 468 474
468 485 486
486 467 468
467 486 487
486 488 487
488 486 489
489 490 488
490 489 491
491 492 490
493 490 492
492 494 493
494 492 495
490 493 496
496 488 490
497 495 492
492 491 497
495 497 498
499 487 488
488 496 499
487 499 500
472 487 500
487 472 467
489 501 491
501 497 491
497 501 502
502 498 497
503 502 501
502 503 504
504 505 502
498 502 505
505 504 506
507 506 504
506 507 508
504 509 507
509 504 503
503 501 510
501 489 510
511 503 510
503 511 512
511 513 512
513 511 514
514 515 513
515 514 516
517 508 507
508 517 518
507 519 517
519 507 509
486 520 489
520 486 485
485 521 520
521 485 522
522 523 521
523 522 524
525 526 527
526 525 528
529 528 525
528 529 530
529 452 530
452 529 454
531 532 533
534 533 532
533 534 535
536 535 534
535 536 537
538 537 536
537 538 539
540 541 542
541 540 543
541 543 544
545 546 547
548 547 546
547 548 549
550 549 548
549 550 551
552 551 550
551 552 553
552 554 553
555 554 552
555 556 554
554 556 557
554 557 558
469 448 455
448 469 446
459 559 458
560 561 562
563 564 565
566 563 565
563 566 567
566 568 567
568 566 569
570 571 572
571 570 573
571 573 574
572 575 570
575 572 576
577 575 576
575 577 578
450 579 449
579 450 580
581 449 579
449 581 451
582 583 584
583 582 585
585 586 583
584 587 582
587 584 588
235 587 588
587 235 589
230 589 235
589 230 236
590 591 592
591 590 593
591 594 592
594 591 595
595 596 594
596 595 597
597 598 596
598 597 599
592 600 590
600 592 601
594 601 592
602 596 598
596 602 603
603 594 596
594 603 604
601 594 604
601 605 600
605 601 606
601 607 606
607 601 604
604 608 607
608 604 609
610 608 609
608 610 611
612 611 610
611 612 613
613 612 614
615 616 617
616 615 618
619 617 616
617 619 620
621 620 619
620 621 622
617 623 615
623 617 624
620 624 617
624 620 625
626 625 620
625 626 627
628 627 626
627 628 629
630 629 628
629 630 631
630 632 631
631 632 633
634 622 621
622 634 635
636 635 634
635 636 637
637 636 638
637 638 639
640 627 629
627 640 641
641 625 627
625 641 642
642 624 625
624 642 643
644 643 642
642 645 644
645 642 646
643 644 647
647 648 643
648 647 649
623 643 648
643 623 624
646 650 645
650 646 651
651 652 650
652 651 653
653 654 652
653 655 654
656 657 658
657 656 659
659 656 660
661 658 657
658 661 662
663 662 661
662 663 664
665 666 667
666 665 668
667 669 665
668 670 666
670 668 671
671 672 670
672 671 673
674 675 676
675 674 677
678 676 675
679 677 674
677 679 680
681 680 679
680 681 682
683 682 681
682 683 684
685 684 683
684 685 686
687 686 685
686 687 688
689 690 691
690 692 691
692 690 693
693 694 692
694 693 695
695 696 694
696 695 697
697 698 696
698 697 699
699 700 698
700 699 701
702 703 704
705 703 702
703 705 706
707 706 705
706 707 708
709 708 707
708 709 710
711 712 713
712 711 714
714 715 712
715 714 716
717 718 719
718 717 720
721 719 718
719 721 722
717 723 720
723 717 724
724 725 723
725 724 726
719 727 717
727 719 728
729 719 722
719 729 728
730 717 727
717 730 724
730 731 724
731 730 732
732 733 731
733 732 734
726 735 725
735 726 736
737 727 728
729 737 728
727 737 738
738 730 727
739 738 737
738 739 740
737 741 739
741 737 742
737 729 742
743 738 740
738 743 744
730 738 744
745 744 743
744 745 746
732 747 734
747 732 748
748 730 744
730 748 732
749 746 745
746 749 750
751 752 753
752 751 754
752 755 753
756 757 758
757 756 759
758 760 756
761 762 763
762 761 764
765 764 761
764 765 766
761 767 765
767 761 768
763 768 761
768 763 769
770 763 762
763 770 771
771 769 763
769 771 772
773 771 770
771 773 774
774 772 771
775 774 773
774 775 776
772 774 777
776 777 774
777 776 778
776 775 779
780 781 782
781 780 783
780 784 783
784 780 785
785 786 784
786 785 787
787 788 786
788 787 789
790 791 792
791 790 793
794 793 790
793 794 795
796 795 794
795 796 797
796 798 797
798 796 799
800 801 802
801 800 803
803 804 801
804 803 805
806 807 808
807 806 809
806 810 809
810 806 811
811 812 810
812 811 813
813 814 812
814 813 815
815 816 814
816 815 817
818 819 820
821 818 820
820 819 822
823 824 825
824 823 826
825 827 823
827 825 828
828 829 827
829 828 830
830 831 829
831 830 832
833 823 827
823 833 834
834 826 823
826 834 835
836 829 831
829 836 837
827 837 833
837 827 829
832 838 831
838 832 839
840 831 838
831 840 836
841 834 833
834 841 842
842 835 834
835 842 843
833 844 841
844 833 837
845 844 837
844 845 846
847 846 845
846 847 848
849 848 847
848 849 850
851 852 853
852 854 853
854 852 855
855 856 854
856 855 857
857 858 856
858 857 859
860 861 862
861 860 863
861 864 862
865 866 867
866 868 867
868 866 869
869 870 868
870 869 871
871 872 870
872 871 873
872 873 874
875 872 874
875 874 876
874 877 876
874 878 877
494 495 879
880 881 882
883 476 481
476 883 484
884 885 886
884 887 885
887 884 888
889 887 888
887 889 890
891 892 893
892 891 894
892 895 893
896 894 891
894 896 897
896 898 897
898 896 899
900 901 902
901 900 903
902 901 904
902 904 905
271 903 900
903 271 270
254 906 256
906 254 265
906 907 256
256 907 258
908 909 910
909 908 911
912 909 911
909 912 913
914 913 912
913 914 915
916 915 914
915 916 917
918 911 908
911 918 919
919 912 911
914 920 916
920 914 921
912 921 914
921 912 922
912 919 922
923 919 918
919 923 924
925 919 924
919 925 922
926 922 925
922 926 927
926 928 927
928 926 929
929 930 928
930 929 931
931 932 930
933 629 631
629 933 640
933 631 934
631 633 934
935 936 937
936 935 938
937 939 935
938 940 936
940 938 941
941 942 940
942 941 943
944 945 946
945 944 947
947 944 948
949 946 945
946 949 950
951 950 949
950 951 952
953 954 955
954 953 956
957 954 956
955 958 953
958 955 959
959 960 958
960 959 961
961 962 960
962 961 963
963 964 962
964 963 965
965 966 964
966 965 967
968 969 970
971 970 969
970 971 972
973 972 971
972 973 974
975 974 973
974 975 976
977 976 975
976 977 978
979 978 977
978 979 980
981 982 983
983 984 981
984 983 985
985 986 984
986 985 987
987 988 986
988 987 989
990 991 992
991 990 993
994 993 990
993 994 995
996 997 998
997 996 999
997 999 1000
1001 1002 1003
1002 1001 1004
1003 1002 1005
1006 1007 1008
1007 1006 1009
1006 1010 1009
1010 1006 1011
1012 1013 1014
1013 1012 1015
1016 1013 1015
1013 1016 1017
1018 1019 1020
1019 1021 1020
1021 1019 1022
1022 1023 1021
1024 1021 1023
1021 1024 1025
1025 1020 1021
1023 1022 1026
1020 1025 1027
1027 1028 1020
1018 1020 1028
1028 1027 1029
1030 1029 1027
1029 1030 1031
1032 1025 1024
1025 1032 1033
1033 1027 1025
1027 1033 1030
1034 1031 1030
1031 1034 1035
1036 1033 1032
1033 1036 1037
1037 1030 1033
1030 1037 1034
1038 1037 1036
1037 1038 1039
1039 1034 1037
1034 1039 1040
1040 1035 1034
1035 1040 1041
1042 1039 1038
1039 1042 1043
1043 1040 1039
1043 1042 1044
1043 1044 1045
1043 1045 1046
1046 1047 1043
1048 1047 1046
1043 1047 1049
1040 1043 1049
1049 1041 1040
1041 1049 1050
1051 1050 1049
1050 1051 1052
1053 1052 1051
1052 1053 1054
1055 1054 1053
1054 1055 1056
1057 1058 1059
1058 1057 1060
1057 1061 1060
1061 1057 1062
1062 1063 1061
1063 1062 1064
1065 1064 1062
1064 1065 1066
1062 1067 1065
1067 1062 1057
1067 1057 1068
1068 1057 1059
1064 1069 1063
1069 1064 1070
1066 1070 1064
1070 1066 1071
1070 1072 1069
1072 1070 1073
1071 1073 1070
1073 1074 1072
1074 1073 1075
1075 1076 1074
1076 1075 1077
1075 1078 1077
1078 1075 1079
1080 1075 1073
1075 1080 1079
1073 1071 1080
1081 1078 1079
1081 1079 1082
1078 1081 1083
1079 1084 1082
1084 1079 1080
1084 1080 1085
1071 1085 1080
1086 1085 1071
1087 1086 1071
1071 1066 1087
1066 1088 1087
1088 1066 1065
1065 1067 1088
1078 1089 1077
1090 1077 1089
1077 1090 1076
1089 1091 1090
1091 1089 1092
1092 1093 1091
1093 1092 1094
1095 1093 1094
1093 1095 1096
1097 1096 1095
1096 1097 1098
1099 1098 1097
1098 1099 1100
1099 1101 1100
1101 1099 1102
1099 1097 1103
1103 1104 1099
1104 1102 1099
1094 1105 1095
1105 1097 1095
1106 1097 1105
1103 1097 1106
1105 1094 1107
1108 1094 1092
1094 1108 1107
1092 1109 1108
1109 1092 1089
1089 1078 1109
1110 1109 1078
1110 1111 1109
1078 1083 1110
1109 1111 1112
1112 1108 1109
1112 1113 1108
1107 1108 1113
1114 1107 1113
1107 1114 1105
1102 1104 1115
1059 1116 1068
1117 1118 1119
1118 1117 1120
1121 1122 1123
1122 1121 1124
1125 1121 1123
1121 1125 1126
1127 1126 1125
1126 1127 1128
1124 1129 1122
1129 1124 1130
1130 1131 1129
1131 1130 1132
1132 1133 1131
1133 1132 1134
1134 1135 1133
1135 1134 1136
1136 1137 1135
1137 1136 1138
1138 1139 1137
1140 1141 1142
1141 1140 1143
1142 1144 1140
1144 1142 1145
1145 1146 1144
1146 1145 1147
1148 1146 1147
1146 1148 1149
1150 1149 1148
1149 1150 1151
1152 1151 1150
1151 1152 1153
1154 1153 1152
1153 1154 1155
1156 1157 1158
1157 1156 1159
1158 1160 1156
1160 1158 1161
1162 1163 1164
1163 1162 1165
1166 1164 1163
1164 1166 1167
1168 1167 1166
1167 1168 1169
1170 1169 1168
1171 1172 1173
1174 1173 1172
1173 1174 1175
1176 1175 1174
1174 1177 1176
1177 1174 1178
1172 1178 1174
1175 1176 1179
1178 1172 1180
1181 1180 1172
1171 1181 1172
1180 1181 1182
1182 1183 1180
1183 1182 1184
1178 1185 1177
1185 1178 1186
1186 1180 1183
1180 1186 1178
1184 1187 1183
1187 1184 1188
1186 1189 1185
1189 1186 1190
1183 1190 1186
1190 1183 1187
1190 1191 1189
1191 1190 1192
1187 1192 1190
1192 1187 1193
1188 1193 1187
1193 1188 1194
1192 1195 1191
1195 1192 1196
1193 1196 1192
1196 1197 1195
1196 1198 1197
1196 1199 1198
1199 1196 1200
1201 1199 1200
1196 1202 1200
1196 1193 1202
1194 1202 1193
1202 1194 1203
1203 1204 1202
1204 1203 1205
1205 1206 1204
1206 1205 1207
1207 1208 1206
1208 1207 1209
1210 1211 1212
1211 1210 1213
1212 1214 1210
1214 1212 1215
1215 1216 1214
1216 1215 1217
1211 1218 1212
1218 1211 1219
1215 1220 1217
1220 1215 1221
1221 1212 1218
1212 1221 1215
1218 1219 1222
1221 1218 1222
1220 1221 1223
1221 1222 1223
1224 1213 1210
1213 1224 1225
1226 1214 1216
1214 1226 1227
1228 1227 1226
1227 1228 1229
1229 1224 1227
1224 1229 1230
1230 1225 1224
1210 1227 1224
1227 1210 1214
1225 1230 1231
1232 1229 1228
1229 1232 1233
1233 1230 1229
1234 1233 1232
1235 1233 1234
1233 1235 1236
1236 1237 1233
1237 1236 1238
1237 1239 1233
1230 1233 1239
1239 1231 1230
1231 1239 1240
1241 1240 1239
1240 1241 1242
1243 1242 1241
1242 1243 1244
1245 1244 1243
1244 1245 1246
1247 1248 1249
1248 1247 1250
1251 1252 1253
1252 1251 1254
1252 1255 1253
1255 1252 1256
1256 1257 1255
1257 1256 1258
1259 1254 1251
1254 1259 1260
1261 1260 1259
1260 1261 1262
1263 1262 1261
1262 1263 1264
1265 1264 1263
1264 1265 1266
1267 1266 1265
1266 1267 1268
1268 1267 1269
1270 1271 1272
1271 1270 1273
1274 1273 1270
1273 1274 1275
1276 1275 1274
1275 1276 1277
1276 1278 1277
1278 1276 1279
1279 1280 1278
1280 1279 1281
1281 1282 1280
1282 1281 1283
1283 1284 1282
1284 1283 1285
1286 1287 1288
1287 1286 1289
1290 1289 1286
1289 1290 1291
1292 1293 1294
1293 1292 1295
1294 1296 1292
1296 1294 1297
1297 1298 1296
1298 1297 1299
1300 1298 1299
1301 1302 1303
1301 1303 1304
1305 1302 1301
1301 1306 1305
1305 1307 1302
1304 1308 1301
1308 1309 1301
1303 1310 1304
1311 1312 1313
1312 1314 1313
1315 1316 1317
1317 1316 1318
1316 1319 1318
1319 1316 1320
1316 1321 1320
1321 1322 1320
1322 1321 1323
1324 1321 1316
1315 1324 1316
1325 1324 1315
1324 1325 1326
1325 1327 1326
1321 1324 1328
1326 1328 1324
1329 1321 1328
1329 1323 1321
1330 1329 1328
1328 1326 1330
1327 1330 1326
1330 1327 1331
1329 1330 1331
1332 1333 1334
1333 1332 1335
1336 1334 1333
1334 1336 1337
1338 1339 1340
1341 1338 1340
1342 1341 1340
1342 1340 1343
1344 1345 1346
1345 1344 1347
1348 1346 1345
1346 1348 1349
1350 1351 1352
1350 1352 1353
1354 1355 1356
1355 1357 1356
1357 1355 1358
1359 1356 1357
1356 1359 1360
1358 1361 1357
1361 1358 1362
1362 1363 1361
1363 1362 1364
1364 1365 1363
1365 1364 1366
1366 1367 1365
1367 1366 1368
1368 1369 1367
1369 1368 1370
1360 1371 1356
1371 1360 1372
1373 1361 1363
1361 1373 1374
1363 1365 1375
1374 1357 1361
1357 1374 1359
1376 1365 1367
1365 1376 1375
1377 1367 1369
1367 1377 1376
1378 1374 1373
1374 1378 1379
1379 1359 1374
1380 1379 1378
1379 1380 1381
1378 1382 1380
1382 1378 1383
1373 1383 1378
1384 1379 1381
1379 1384 1385
1359 1379 1385
1383 1386 1382
1386 1383 1387
1387 1388 1386
1388 1387 1389
1390 1387 1383
1383 1373 1390
1387 1390 1391
1391 1389 1387
1389 1391 1392
1393 1385 1384
1385 1393 1394
1395 1394 1393
1394 1395 1396
1397 1396 1395
1397 1372 1396
1372 1394 1396
1372 1397 1398
1394 1372 1360
1360 1385 1394
1385 1360 1359
1389 1399 1388
1363 1390 1373
1390 1363 1375
1375 1391 1390
1391 1375 1376
1376 1392 1391
1392 1376 1377
1377 1400 1392
1401 1392 1400
1400 1402 1401
1402 1400 1403
1403 1404 1402
1405 1402 1404
1404 1406 1405
1406 1404 1407
1408 1407 1404
1404 1403 1408
1407 1408 1409
1408 1410 1409
1410 1408 1411
1407 1412 1406
1412 1407 1413
1409 1413 1407
1413 1414 1412
1414 1413 1415
1413 1416 1415
1416 1413 1417
1413 1409 1417
1418 1414 1415
1414 1418 1419
1420 1419 1418
1418 1421 1420
1421 1418 1422
1415 1422 1418
1422 1415 1416
1422 1423 1421
1423 1422 1424
1416 1424 1422
1425 1421 1423
1421 1425 1426
1426 1420 1421
1420 1426 1427
1424 1416 1428
1417 1428 1416
1419 1420 1429
1427 1429 1420
1429 1427 1430
1428 1417 1431
1409 1431 1417
1431 1409 1410
1425 1432 1426
1426 1432 1427
1427 1432 1430
1433 1434 1435
1434 1433 1436
1435 1437 1433
1437 1435 1438
1438 1439 1437
1439 1438 1440
1441 1439 1440
1439 1441 1442
1441 1443 1442
1436 1444 1434
1444 1436 1445
1445 1370 1444
1370 1445 1369
1446 1369 1445
1445 1447 1446
1403 1446 1447
1447 1408 1403
1408 1447 1411
1446 1403 1400
1447 1445 1448
1449 1447 1448
1447 1449 1450
1369 1446 1377
1400 1377 1446
1445 1451 1448
1451 1449 1448
1451 1452 1449
1371 1453 1354
1371 1454 1453
1398 1454 1371
1371 1354 1356
1398 1371 1372
1455 1456 1457
1458 1457 1456
1459 1458 1456
1460 1457 1458
1457 1460 1461
1461 1462 1457
1462 1455 1457
1462 1463 1455
1463 1462 1464
1464 1465 1463
1465 1464 1466
1467 1466 1464
1466 1467 1468
1469 1464 1462
1464 1469 1467
1462 1461 1469
1458 1470 1460
1470 1458 1471
1459 1471 1458
1459 1472 1471
1468 1473 1466
1473 1468 1474
1475 1473 1474
1475 1476 1473
1466 1476 1465
1476 1466 1473
1477 1478 1479
1478 1477 1480
1481 1480 1477
1480 1481 1482
1483 1479 1478
1479 1483 1484
1485 1484 1483
1484 1485 1486
1477 1487 1481
1487 1477 1488
1479 1488 1477
1488 1479 1489
1484 1489 1479
1489 1484 1490
1481 1491 1482
1487 1491 1481
1492 1490 1484
1486 1493 1484
1493 1486 1494
1495 1496 1485
1496 1495 1497
1498 1497 1495
1497 1498 1499
1499 1500 1497
1494 1497 1500
1500 1499 1501
1497 1494 1502
1503 1504 1505
1504 1503 1506
1504 1507 1505
1507 1504 1508
1508 1509 1507
1509 1508 1510
1510 1511 1509
1511 1510 1512
1512 1513 1511
1514 1503 1515
1516 1517 1518
1517 1516 1519
1520 1518 1517
1518 1520 1521
1522 1521 1520
1521 1522 1523
1524 1523 1522
1523 1524 1525
1526 1525 1524
1527 1528 1529
1528 1527 1530
1529 1531 1527
1531 1529 1532
1533 1531 1532
1531 1533 1534
1535 1534 1533
1534 1535 1536
1537 1536 1535
1536 1537 1538
1539 1538 1537
1538 1539 1540
1541 1540 1539
1540 1541 1542
1543 1542 1541
1542 1543 1544
1545 1544 1543
1546 1545 1543
1547 1548 1549
1402 1405 1550
1550 1401 1402
1401 1550 1399
1399 1389 1401
1392 1401 1389
1551 1552 1553
1552 1554 1553
1555 1553 1554
1553 1555 1556
1557 1556 1555
1556 1557 1558
1559 1558 1557
1558 1559 1560
1561 1560 1559
1560 1561 1562
1563 1562 1561
1562 1563 1564
1563 1565 1564
1565 1563 1566
1554 1552 1567
1554 1568 1555
1568 1554 1569
1569 1554 1567
1570 1555 1568
1555 1570 1557
1557 1571 1559
1571 1557 1570
1559 1572 1561
1572 1559 1571
1561 1573 1563
1573 1561 1572
1572 1574 1573
1571 1574 1572
1563 1575 1566
1575 1563 1573
1573 1576 1575
1574 1576 1573
1574 1577 1576
1577 1574 1578
1579 1576 1577
1576 1579 1580
1576 1580 1575
1578 1581 1577
1581 1578 1582
1575 1580 1583
1584 1580 1579
1580 1584 1585
1580 1585 1583
1583 1566 1575
1566 1583 1586
1585 1587 1583
1588 1585 1584
1585 1588 1587
1589 1587 1588
1587 1589 1590
1587 1590 1591
1592 1590 1589
1590 1592 1593
1591 1590 1593
1594 1593 1592
1593 1594 1595
1596 1593 1595
1593 1596 1597
1593 1597 1591
1586 1565 1566
1565 1586 1598
1599 1598 1586
1598 1599 1600
1586 1601 1599
1601 1587 1591
1602 1600 1599
1600 1602 1603
1604 1603 1602
1602 1605 1604
1605 1602 1606
1606 1599 1601
1599 1606 1602
1603 1604 1607
1608 1607 1604
1607 1608 1609
1610 1609 1608
1608 1611 1610
1611 1612 1610
1611 1608 1613
1610 1612 1614
1609 1610 1614
1615 1608 1604
1604 1605 1615
1613 1608 1615
1601 1586 1583
1587 1601 1583
1601 1591 1616
1616 1591 1617
1591 1618 1617
1619 1617 1618
1617 1619 1620
1619 1621 1620
1621 1619 1622
1622 1623 1621
1623 1622 1624
1624 1625 1623
1625 1624 1626
1627 1625 1626
1628 1629 1630
1629 1628 1631
1628 1632 1631
1632 1628 1633
1631 1634 1629
1634 1635 1629
1636 1629 1635
1636 1630 1629
1637 1630 1636
1631 1638 1634
1638 1639 1634
1631 1640 1638
1640 1631 1632
1640 1641 1638
1638 1641 1639
1640 1642 1641
1643 1633 1628
1628 1630 1643
1644 1643 1630
1637 1644 1630
1643 1644 1645
1646 1644 1637
1644 1646 1647
1647 1645 1644
1648 1647 1646
1647 1648 1649
1650 1649 1648
1651 1647 1649
1645 1647 1651
1651 1652 1645
1652 1651 1653
1653 1651 1654
1651 1649 1654
1653 1568 1652
1569 1652 1568
1652 1569 1655
1645 1655 1643
1655 1645 1652
1569 1633 1655
1633 1643 1655
1568 1653 1570
1656 1570 1653
1653 1654 1656
1656 1654 1578
1570 1656 1571
1574 1571 1656
1656 1578 1574
1654 1649 1582
1654 1582 1578
1657 1582 1649
1569 1567 1633
1632 1633 1567
1552 1632 1567
1632 1552 1640
1551 1640 1552
1640 1551 1642
1658 1657 1649
1650 1658 1649
1658 1650 1659
1660 1659 1650
1659 1660 1661
1662 1661 1660
1661 1662 1663
1664 1661 1663
1661 1664 1665
1666 1665 1664
1667 1665 1666
1666 1668 1667
1668 1666 1669
1669 1670 1668
1671 1668 1670
1668 1671 1672
1672 1667 1668
1670 1669 1673
1673 1674 1670
1674 1673 1675
1675 1676 1674
1676 1675 1677
1677 1678 1676
1678 1677 1679
1680 1676 1678
1676 1680 1681
1681 1674 1676
1682 1670 1674
1674 1681 1682
1670 1682 1683
1679 1684 1678
1684 1679 1685
1685 1686 1684
1686 1687 1684
1678 1687 1680
1687 1678 1684
1688 1689 1672
1689 1688 1690
1667 1672 1689
1689 1665 1667
1665 1689 1691
1692 1691 1689
1691 1692 1693
1691 1661 1665
1661 1691 1659
1693 1659 1691
1693 1694 1659
1659 1694 1658
1695 1696 1688
1696 1695 1697
1698 1696 1697
1697 1699 1698
1699 1700 1698
1700 1699 1701
1701 1702 1700
1702 1701 1703
1703 1704 1702
1705 1706 1707
1706 1705 1636
1708 1705 1707
1705 1708 1709
1708 1710 1709
1710 1708 1711
1710 1711 1662
1712 1707 1706
1707 1712 1713
1713 1708 1707
1708 1713 1714
1714 1711 1708
1711 1714 1715
1715 1716 1711
1711 1716 1662
1716 1715 1717
1717 1718 1716
1718 1717 1719
1719 1720 1718
1720 1719 1721
1722 1713 1712
1713 1722 1723
1723 1714 1713
1722 1724 1723
1725 1715 1714
1714 1723 1725
1715 1725 1726
1726 1717 1715
1717 1726 1727
1727 1719 1717
1728 1727 1726
1727 1728 1729
1719 1727 1730
1730 1721 1719
1721 1730 1731
1732 1731 1730
1727 1732 1730
1727 1729 1732
1729 1733 1732
1731 1732 1734
1733 1734 1732
1731 1735 1721
1735 1731 1736
1734 1736 1731
1737 1721 1735
1721 1737 1720
1738 1729 1728
1728 1739 1738
1739 1728 1740
1729 1738 1741
1741 1733 1729
1733 1741 1742
1736 1734 1743
1744 1743 1734
1734 1733 1744
1744 1733 1742
1744 1742 1745
1745 1746 1744
1743 1744 1746
1735 1747 1737
1747 1735 1748
1736 1748 1735
1748 1749 1747
1749 1748 1750
1751 1750 1748
1750 1751 1752
1752 1753 1750
1753 1752 1754
1754 1755 1753
1755 1754 1756
1756 1757 1755
1758 1753 1755
1755 1757 1758
1753 1758 1759
1750 1759 1749
1759 1750 1753
1748 1736 1751
1743 1751 1736
1751 1743 1760
1746 1760 1743
1760 1746 1761
1761 1762 1760
1762 1751 1760
1762 1761 1763
1764 1763 1761
1764 1761 1746
1763 1764 1765
1765 1766 1763
1763 1766 1767
1745 1764 1746
1768 1763 1767
1763 1768 1762
1768 1769 1762
1762 1769 1751
1770 1771 1772
1771 1770 1773
1774 1773 1770
1773 1774 1775
1776 1775 1774
1775 1776 1777
1776 1778 1777
1778 1776 1779
1779 1780 1778
1780 1779 1781
1781 1782 1780
1782 1781 1783
1783 1784 1782
1784 1783 1785
1785 1786 1784
1786 1785 1787
1787 1788 1786
1788 1787 1789
1790 1788 1789
1778 1589 1777
1589 1778 1592
1588 1777 1589
1777 1588 1775
1584 1775 1588
1775 1584 1773
1579 1773 1584
1773 1579 1771
1577 1771 1579
1771 1577 1581
1581 1772 1771
1772 1581 1791
1581 1792 1791
1582 1792 1581
1582 1793 1792
1582 1657 1793
1592 1794 1795
1794 1796 1795
1796 1794 1797
1797 1798 1796
1798 1797 1799
1799 1800 1798
1800 1799 1801
1801 1802 1800
1802 1801 1803
1803 1804 1802
1794 1592 1805
1806 1807 1808
1809 1807 1806
1806 1810 1809
1810 1806 1811
1808 1811 1806
1811 1808 1812
1811 1813 1810
1813 1811 1814
1812 1814 1811
1814 1815 1813
1815 1814 1816
1816 1817 1815
1817 1816 1818
1819 1816 1814
1814 1812 1819
1816 1819 1820
1820 1818 1816
1818 1820 1821
1818 1594 1817
1594 1818 1595
1821 1595 1818
1595 1821 1596
1822 1823 1824
1822 1825 1823
1825 1822 1826
1826 1827 1825
1827 1826 1828
1828 1829 1827
1829 1828 1830
1830 1831 1829
1831 1830 1832
1832 1833 1831
1833 1832 1834
1834 1835 1833
1835 1834 1836
1836 1837 1835
1838 1839 1840
1839 1838 1841
1840 1842 1838
1842 1840 1843
1843 1844 1842
1844 1843 1845
1846 1844 1845
1844 1846 1847
1848 1847 1846
1847 1848 1849
1850 1849 1848
1849 1850 1851
1852 1851 1850
1851 1852 1853
1854 1853 1852
1853 1854 1855
1856 1855 1854
1857 1858 1843
1843 1859 1857
1860 1858 1857
1861 1857 1859
1857 1861 1862
1862 1860 1857
1863 1862 1861
1862 1863 1864
1864 1865 1862
1865 1864 1866
1866 1867 1865
1867 1866 1868
1869 1867 1868
1867 1869 1870
1871 1870 1869
1870 1871 1872
1873 1872 1871
1872 1873 1874
1875 1874 1873
1860 1862 1876
1861 1877 1863
1878 1876 1879
1876 1878 1860
1880 1860 1878
1860 1880 1858
1881 1880 1878
1880 1881 1882
1883 1882 1881
1882 1883 1884
1885 1884 1883
1884 1885 1886
1883 1887 1885
1887 1883 1888
1881 1888 1883
1889 1886 1885
1886 1889 1890
1891 1885 1887
1885 1891 1889
1888 1881 1892
1893 1890 1889
1890 1893 1894
1894 1893 1895
1896 1895 1893
1896 1889 1891
1889 1896 1893
1878 1892 1881
1892 1878 1879
1897 1898 1899
1898 1897 1900
1900 1901 1898
1901 1900 1902
1902 1903 1901
1903 1902 1904
1904 1905 1903
1905 1904 1906
1899 1907 1897
1907 1899 1908
1907 1908 1909
1910 1911 1912
1911 1910 1913
1912 1914 1910
1914 1912 1915
1915 1916 1914
1916 1915 1917
1917 1918 1916
1918 1917 1919
1919 1920 1918
1920 1919 1921
1920 1921 1922
1923 1924 1925
1924 1923 1926
1927 1925 1924
1928 1926 1923
1926 1928 1929
1930 1929 1928
1929 1930 1931
1932 1933 1934
1933 1932 1935
1934 1936 1932
1936 1934 1937
1937 1938 1936
1938 1937 1939
1938 1939 1940
1941 1942 1943
1944 1945 1946
1946 1947 1944
1946 1948 1947
1948 1946 1949
1949 1950 1948
1950 1949 1951
1951 1952 1950
1952 1951 1953
1953 1954 1952
1954 1953 1955
1956 1954 1955
1957 1958 1959
1958 1957 1960
1961 1957 1959
1957 1961 1962
1961 1963 1962
1963 1961 1964
1964 1965 1963
1965 1964 1966
1965 1966 1967
1960 1968 1958
1968 1960 1969
1970 1958 1968
1958 1970 1971
1971 1959 1958
1959 1971 1972
1972 1961 1959
1961 1972 1973
1973 1964 1961
1964 1973 1974
1974 1966 1964
1966 1974 1975
1967 1966 1975
1976 1977 1978
1977 1976 1979
1980 1978 1977
1978 1980 1981
1982 1981 1980
1979 1976 1983
1983 1976 1984
1983 1984 1985
1984 1986 1985
1984 1987 1986
1984 1988 1987
1988 1984 1989
1990 1989 1984
1989 1990 1991
1992 1991 1990
1991 1992 1993
1987 1994 1986
1995 1996 1997
1996 1995 1998
1999 1997 1996
1997 1999 2000
2001 2000 1999
2000 2001 2002
2003 2002 2001
2004 1998 1995
1998 2004 2005
2006 2005 2004
2005 2006 2007
2008 2005 2007
2009 2005 2008
2005 2009 2010
2011 2010 2009
2010 2011 2012
2013 2012 2011
2012 2013 2014
2013 2015 2014
2006 2016 2007
2016 2006 2017
2018 2016 2017
2016 2018 2019
2020 2019 2018
2019 2020 2021
2022 2023 2024
2023 2022 2025
2025 2022 2026
2027 2024 2023
2024 2027 2028
2027 2029 2028
2029 2027 2030
2031 2032 2033
2032 2031 2034
2035 2033 2032
2033 2035 2036
2037 2036 2035
2036 2037 2038
2037 2039 2038
2040 2034 2031
2041 2042 2043
2042 2041 2044
2045 2042 2044
2042 2045 2046
2043 2047 2041
2047 2043 2048
2049 2047 2048
2047 2049 2050
2051 2046 2045
2046 2051 2052
2053 2052 2051
2052 2053 2054
2053 2055 2054
2056 2057 2058
2057 2056 2059
2060 2058 2057
2058 2060 2061
2062 2061 2060
2061 2062 2063
2064 2063 2062
2063 2064 2065
2066 2065 2064
2065 2066 2067
2068 2067 2066
2059 2056 2069
1859 1843 1840
1840 1839 1859
1859 1839 2070
1861 1859 2070
1861 2070 1877
1839 2071 2070
2072 2073 1839
2074 2075 2076
2075 2074 2077
2077 2078 2075
2078 2077 2079
2079 2080 2078
2080 2079 2081
2076 2082 2074
2082 2076 2083
2083 2084 2082
2084 2083 2085
2086 2084 2085
2084 2086 2087
2088 2087 2086
2087 2088 2089
2090 2089 2088
2089 2090 2091
2091 2090 2092
2093 2094 2095
2094 2093 2096
2095 2097 2093
2097 2095 2098
2096 2099 2094
2099 2096 2100
2100 2101 2099
2102 2095 2094
2095 2102 2103
2104 2094 2099
2094 2104 2102
2101 2104 2099
2105 2095 2103
2098 2095 2105
2098 2105 2106
2098 2107 2097
2107 2098 2108
2106 2108 2098
2108 2106 2109
2110 2111 2112
2110 2113 2111
2113 2114 2111
2111 2114 2115
2115 2116 2111
2111 2116 2117
2112 2111 2117
2118 2116 2115
2118 2119 2116
2118 2120 2119
2120 2118 2121
2120 2121 2122
2123 2120 2122
2124 2123 2122
2125 2126 2127
2127 2128 2125
2128 2127 2129
2129 2130 2128
2130 2129 2131
2131 2132 2130
2132 2131 2133
2133 2134 2132
2134 2133 2135
2135 2136 2134
2136 2135 2137
2137 2138 2136
2138 2137 2139
2138 2139 2140
2141 2142 2143
2141 2144 2142
2144 2141 2145
2145 2146 2144
2146 2145 2147
2147 2148 2146
2148 2147 2149
2150 2148 2149
2148 2150 2151
2152 2151 2150
2153 2154 2155
2156 2157 2158
2159 2158 2157
2160 2159 2157
2161 2162 2163
2162 2164 2163
2165 2166 2167
2168 1669 1666
1669 2168 2169
2169 2170 1669
2170 2169 2171
2171 2172 2170
2172 2171 2173
2173 2174 2172
2174 2173 2175
2174 2175 2176
1666 1664 2168
1664 1720 2168
1663 1720 1664
1720 1663 1718
1663 1716 1718
1716 1663 1662
1710 1662 1660
1650 1710 1660
1710 1650 1648
1648 1709 1710
1709 1648 1646
1646 1705 1709
1705 1646 1637
1705 1637 1636
1740 1724 1739
1724 1740 1723
1740 1725 1723
1740 1726 1725
1726 1740 1728
2177 2178 2179
2180 2181 2182
2181 2180 2183
2184 2185 2186
2185 2184 2187
2188 2189 2190
2189 2188 2191
2192 2193 2194
2195 2196 2197
2198 2195 2197
2199 2200 2201
2202 2203 2204
2205 2206 2207
2208 2205 2207
2209 2210 2211
2212 2213 2214
2213 2212 2215
2216 2217 2218
2217 2216 2219
2218 1530 2216
1530 2218 1528
2220 2221 2222
2223 2224 2225
2224 2223 2226
2227 2228 2229
2230 2231 2232
2233 2234 2235
2236 2237 2238
2236 2238 2239
2240 2241 2242
2243 2244 2245
2244 2246 2245
2246 2244 2247
2247 2248 2246
2248 2247 2249
2250 2248 2249
2249 2251 2250
2252 2253 2254
2252 2254 2255
2256 2252 2255
2257 2258 2259
2257 2260 2258
2260 2257 2261
2261 2262 2260
2262 2261 2263
2262 2263 2264
2262 2264 2265
2266 2267 2268
2269 2270 2271
2272 2273 2274
2273 2275 2274
2275 2273 2276
2277 2275 2276
2275 2277 2278
2278 2277 2279
2278 2279 2280
2279 2281 2280
2282 2283 2284
2284 2285 2282
2285 2284 2286
2286 2287 2285
2287 2286 2288
2289 2290 2291
2292 2290 2289
2290 2292 2293
2294 2293 2292
2293 2294 2295
2296 2295 2294
2295 2296 2297
2298 2299 2300
2301 2300 2299
2302 2303 2304
2302 2305 2303
2306 2302 2304
2307 2308 2309
2308 2310 2311
2312 2313 2314
2314 2315 2312
2315 2316 2312
2317 2312 2316
2318 2319 2320
2321 2320 2319
2320 2321 2322
2321 2323 2322
2321 2324 2323
2323 2324 2325
2326 2327 2328
2326 2329 2327
2329 2326 2330
2331 2332 2333
2334 2331 2333
2331 2334 2335
2334 2336 2335
2335 2336 2337
2336 2334 2338
2337 2336 2339
2337 2339 2340
2341 2342 2343
2344 2345 2346
2346 2345 2347
