byte offset: 0
first index: 0
index count: 7935
topology: trianglelist
format: DXGI_FORMAT_R16_UINT

0 1 2
0 2 3
2 4 5
6 5 4
2 5 7
8 9 10
9 11 10
12 11 9
9 13 12
9 14 13
15 16 14
17 18 19
17 19 20
20 19 21
20 21 22
23 22 21
24 18 17
24 17 25
24 25 26
27 28 29
30 31 32
30 32 33
34 31 30
34 35 31
36 35 34
36 37 35
38 37 36
33 32 39
33 39 40
41 40 39
42 41 39
43 44 38
45 44 43
45 43 46
45 46 47
45 47 48
48 47 49
48 49 50
51 50 49
51 49 40
52 53 54
52 54 55
56 54 53
56 57 54
57 56 58
57 58 59
59 58 60
59 60 61
62 61 60
61 62 63
61 63 64
62 60 65
66 56 53
66 53 67
67 53 52
65 68 62
62 68 69
68 70 69
71 70 68
62 69 72
61 64 73
61 73 59
64 74 73
64 75 74
72 75 64
76 65 60
68 65 76
76 60 77
78 76 77
78 77 79
78 79 80
80 79 66
78 81 76
77 60 58
77 58 79
79 58 56
79 56 66
72 82 75
72 83 82
84 83 72
84 85 83
70 85 84
80 66 86
67 86 66
67 87 86
88 87 67
89 87 88
88 67 90
67 52 90
90 52 91
88 90 91
91 52 92
52 93 92
52 55 93
91 92 94
92 95 94
92 96 95
95 96 97
95 97 98
98 97 99
98 99 100
101 99 97
99 101 102
103 102 101
103 104 102
105 102 104
105 106 102
107 103 101
107 101 108
101 97 108
108 97 96
109 107 108
108 96 109
109 110 107
109 111 110
110 111 112
110 112 113
113 107 110
114 107 113
107 114 103
109 93 111
111 115 112
111 116 115
116 111 93
109 92 93
109 96 92
113 112 117
117 112 115
117 115 118
114 113 119
119 113 117
120 118 115
120 121 118
122 120 115
122 115 116
120 122 123
120 123 124
125 124 123
125 126 124
127 124 126
120 124 127
120 127 121
127 126 128
129 127 128
129 128 130
131 130 128
131 128 132
133 131 132
133 132 134
127 129 135
127 135 121
135 136 121
135 137 136
138 136 137
138 117 136
139 126 125
139 140 126
141 126 140
141 140 142
140 143 142
140 144 143
145 133 143
145 143 146
147 146 143
147 148 146
148 149 146
149 148 150
146 149 151
148 147 152
148 152 150
149 150 153
153 150 152
153 152 154
154 155 139
154 139 156
157 139 155
157 155 147
156 139 125
156 125 158
156 158 159
158 125 123
158 123 160
161 158 160
161 160 162
54 162 160
122 54 160
122 160 123
116 54 122
116 55 54
116 93 55
57 163 54
57 59 163
59 73 163
73 74 164
165 76 166
165 68 76
167 168 169
167 169 170
170 171 167
167 171 172
170 169 173
170 173 174
174 173 175
174 175 176
176 177 174
176 178 177
179 175 173
179 173 180
169 180 173
181 179 180
181 180 182
174 177 183
170 174 183
169 184 180
184 182 180
184 185 182
175 186 176
175 187 186
175 179 188
175 188 187
179 181 189
179 189 188
182 190 181
182 191 190
192 190 191
192 191 193
193 194 192
193 195 194
190 192 196
196 192 194
190 196 197
198 191 182
198 182 185
199 191 198
199 200 191
200 199 201
201 199 202
198 202 199
198 203 202
181 190 197
181 197 189
204 189 197
196 204 197
204 205 189
188 189 205
188 205 206
187 188 206
187 206 207
187 207 208
187 208 186
209 186 208
209 210 186
209 211 210
209 212 211
212 213 211
214 211 213
215 214 213
215 213 216
217 215 216
217 216 218
218 216 219
220 214 215
220 215 217
221 220 217
221 222 220
220 223 214
214 224 211
225 224 214
225 214 223
211 224 178
177 224 225
178 224 177
177 225 226
217 227 221
228 219 216
228 216 213
212 228 213
229 219 228
230 229 228
230 228 231
231 228 212
229 230 232
229 232 233
229 233 234
229 234 235
234 236 235
234 237 236
238 232 230
238 239 232
239 233 232
238 240 239
238 230 241
242 238 241
242 240 238
242 241 243
244 242 243
244 245 242
244 243 246
243 247 246
241 247 243
235 236 248
235 248 219
229 235 219
236 249 248
237 249 236
250 249 237
250 237 251
249 218 248
218 219 248
249 252 218
253 250 251
254 253 251
254 255 253
256 255 254
256 257 255
258 256 254
258 254 259
251 259 254
251 237 259
249 260 252
249 261 260
250 261 249
262 261 250
261 262 260
262 250 263
262 263 264
262 264 265
266 262 265
260 262 266
267 264 263
267 268 264
264 268 269
270 264 269
265 264 270
271 269 268
100 269 271
100 272 269
270 269 272
271 268 273
274 273 268
274 268 267
267 275 274
267 276 275
267 263 276
263 250 276
273 274 277
273 277 278
273 278 279
279 100 271
271 273 279
279 278 280
279 280 281
281 280 282
281 282 283
272 284 270
272 285 284
278 277 286
278 286 280
287 286 277
287 277 288
280 286 289
282 280 289
290 283 282
265 270 284
265 284 291
281 98 279
279 98 100
281 95 98
283 95 281
283 94 95
290 94 283
290 91 94
287 292 286
286 292 289
287 293 292
294 292 293
294 295 292
296 295 294
297 296 294
296 297 298
296 298 299
299 300 296
296 300 295
300 301 295
301 292 295
300 302 301
297 294 303
302 300 304
299 304 300
305 297 303
305 303 306
305 306 307
297 305 308
309 308 305
309 305 310
310 305 307
311 310 307
311 307 312
313 311 312
314 311 313
314 315 311
310 311 315
313 316 314
313 317 316
315 314 318
314 316 319
314 319 318
320 318 319
320 321 318
320 322 321
321 322 323
322 324 323
317 313 325
313 312 325
317 325 326
321 323 327
318 321 328
321 327 328
328 315 318
329 328 327
330 315 328
330 328 329
310 315 330
325 331 326
332 331 325
325 333 332
332 333 334
333 335 334
333 336 335
336 333 312
325 312 333
336 312 307
332 334 337
256 337 334
256 258 337
334 335 257
334 257 256
332 338 331
339 338 332
337 339 332
288 257 335
257 288 275
288 274 275
288 277 274
257 275 255
255 275 276
255 276 253
276 250 253
258 340 337
339 337 340
339 340 239
239 340 233
258 233 340
233 258 259
233 259 234
234 259 237
240 338 339
240 339 239
341 338 240
338 341 331
341 240 342
341 342 343
341 343 344
345 344 343
345 346 344
345 347 346
348 347 345
347 348 349
349 348 350
349 350 351
351 350 352
353 352 350
353 350 354
354 350 348
353 355 352
353 356 355
357 353 354
357 356 353
357 354 358
357 359 356
360 351 352
360 352 355
355 356 361
356 359 361
360 355 361
354 348 362
363 362 348
363 364 362
244 364 363
244 363 245
365 358 354
365 354 362
365 362 364
364 244 366
365 364 366
365 366 367
365 367 368
369 365 368
369 370 365
371 370 369
371 372 370
373 372 371
373 374 372
375 368 367
375 367 376
377 369 368
377 368 375
378 371 369
378 369 377
378 373 371
378 379 373
376 380 375
376 381 380
375 380 382
375 382 377
377 382 383
377 383 378
383 379 378
384 374 373
373 379 384
384 379 385
383 385 379
376 386 381
376 387 386
367 387 376
367 246 387
366 246 367
388 386 387
388 387 389
389 387 246
366 244 246
386 208 381
386 209 208
386 388 209
208 207 381
389 246 247
247 390 389
247 241 390
390 241 230
390 230 231
391 390 231
388 389 391
389 390 391
391 231 212
388 391 212
388 212 209
392 393 394
393 392 395
304 392 394
395 392 304
396 304 394
397 396 394
394 398 397
398 394 393
397 399 396
399 397 400
399 400 401
400 88 401
88 290 401
290 399 401
290 402 399
290 282 402
301 402 282
402 301 302
399 402 302
399 302 396
302 304 396
301 282 289
301 289 292
403 400 397
398 403 397
403 404 400
404 87 400
405 87 404
405 404 403
406 405 403
406 407 405
405 408 87
405 407 409
405 409 410
410 408 405
410 409 411
410 411 412
412 411 413
412 413 414
414 413 415
416 410 412
410 416 417
414 418 412
414 419 418
414 415 420
421 412 422
423 308 309
423 309 424
309 425 424
309 426 425
427 424 425
427 428 424
427 429 428
428 429 430
429 431 430
428 430 432
424 428 432
424 432 423
433 423 432
433 432 434
435 308 423
435 423 433
432 436 434
432 430 436
435 297 308
429 437 431
438 439 440
438 440 441
442 438 441
442 443 438
443 442 444
443 444 445
445 444 446
445 446 447
447 446 448
449 439 438
449 438 443
449 450 439
451 443 445
449 443 451
451 445 452
452 445 447
450 453 439
450 454 453
454 455 453
454 456 455
454 457 456
457 458 456
458 459 456
459 460 456
459 461 460
459 462 461
459 463 462
463 464 462
463 465 464
463 466 465
466 467 465
468 467 466
469 468 466
469 466 470
470 471 469
471 472 469
472 468 469
471 473 472
472 474 468
471 470 475
471 475 476
476 475 477
478 476 477
478 477 479
480 479 477
480 448 479
481 480 477
475 481 477
482 471 476
482 476 478
471 482 473
482 483 473
482 484 483
484 482 478
484 485 483
485 486 483
473 483 486
485 487 486
485 488 487
485 489 488
489 490 488
489 491 490
491 492 490
493 489 485
493 485 494
484 494 485
495 493 494
496 495 494
496 494 484
497 491 489
497 489 493
497 498 491
491 498 492
499 498 497
499 497 500
488 490 501
502 501 490
490 492 502
502 503 501
503 502 504
503 504 505
506 503 505
503 507 501
502 492 508
502 508 504
501 507 509
488 501 509
487 488 509
487 509 510
509 511 510
507 512 509
506 513 512
506 514 513
514 506 515
512 507 516
512 516 517
507 518 516
507 519 518
506 520 515
518 521 516
514 522 513
522 523 513
512 513 524
511 524 525
513 525 524
511 525 526
527 526 525
527 525 528
528 525 529
528 529 530
531 528 530
532 531 530
532 530 533
533 534 532
532 534 535
536 534 533
536 529 537
536 537 538
538 539 536
536 539 534
529 540 537
529 541 530
529 542 541
530 543 533
530 544 543
541 542 545
542 546 545
533 543 546
533 546 536
546 543 545
538 547 539
538 514 547
538 537 548
537 549 548
538 548 522
538 522 514
548 550 522
522 550 551
522 551 552
548 553 550
553 554 550
555 546 556
555 556 529
513 552 557
513 557 537
552 558 557
552 559 558
557 560 553
557 553 561
551 562 558
558 562 563
564 554 559
513 537 525
440 565 566
440 566 567
565 568 566
565 569 568
569 570 568
569 571 570
571 572 570
571 573 572
567 566 574
567 574 575
567 575 576
566 568 577
566 577 574
568 570 578
568 578 577
570 572 579
570 579 578
575 574 580
575 580 581
575 581 582
574 577 583
574 583 580
577 578 584
577 584 583
578 585 584
578 586 585
579 586 578
456 573 571
456 460 573
460 587 573
573 587 588
589 588 587
589 590 588
588 590 591
572 588 591
573 588 572
592 590 589
592 593 590
590 593 594
593 595 594
593 596 595
596 597 595
596 598 597
594 595 599
594 599 600
595 597 601
595 601 599
600 599 602
603 599 601
599 603 602
603 601 604
597 598 527
597 527 605
604 606 603
604 535 606
531 597 605
607 597 531
604 601 607
601 597 607
531 608 607
531 609 608
607 608 610
607 610 611
612 535 604
612 613 609
612 609 614
610 608 615
609 613 616
617 609 616
618 610 615
604 610 618
604 618 532
619 620 621
619 621 592
620 622 621
620 623 622
621 593 592
621 596 593
622 598 621
598 596 621
527 598 622
527 622 624
624 622 623
624 526 527
625 526 624
626 625 624
626 624 627
624 623 627
627 623 465
511 526 625
511 625 628
625 626 629
625 629 628
464 465 623
464 623 620
462 464 620
462 620 619
462 619 630
630 461 462
630 587 461
589 587 630
619 589 630
460 461 587
619 592 589
626 467 629
627 465 467
468 629 467
631 628 629
468 631 629
631 632 628
510 628 632
510 632 486
510 486 487
510 633 628
486 634 631
486 631 635
473 486 635
467 626 627
509 524 633
512 524 636
637 638 639
637 639 640
641 640 639
640 641 642
641 639 643
639 638 594
639 594 600
639 600 643
600 602 643
638 637 591
591 637 644
590 638 591
638 590 594
603 645 602
603 606 645
572 591 579
591 586 579
646 541 647
576 648 649
648 650 649
650 651 649
649 651 652
649 652 653
654 649 653
576 649 654
653 652 655
653 655 656
656 655 657
656 657 658
658 657 659
658 659 660
660 659 495
652 661 655
652 662 661
651 662 652
655 661 663
657 664 659
657 665 664
655 663 665
655 665 657
659 664 666
659 666 495
495 666 493
448 658 660
448 660 479
496 479 660
660 495 496
496 478 479
484 478 496
446 658 448
446 656 658
653 656 446
666 497 493
666 500 497
444 653 446
442 653 444
442 654 653
654 442 441
654 441 576
567 667 441
567 441 440
439 565 440
439 453 565
453 569 565
453 455 569
455 571 569
455 456 571
575 648 667
648 575 582
648 582 668
648 668 650
669 670 517
669 517 671
517 672 671
673 672 517
674 675 676
674 676 677
677 678 674
677 679 678
679 680 678
679 681 680
681 682 680
681 683 682
683 684 682
683 685 684
686 684 685
686 685 687
687 688 686
689 685 683
689 687 685
689 683 690
690 683 681
689 691 687
687 691 688
692 677 676
693 681 679
690 681 693
693 679 694
695 682 684
695 684 696
696 684 686
696 686 697
688 697 698
692 699 677
694 679 677
694 677 700
701 682 695
701 680 682
702 680 701
702 678 680
702 674 678
702 703 674
674 704 705
194 706 707
708 195 706
709 196 194
709 710 196
196 710 204
185 711 712
185 712 198
184 711 185
184 713 711
169 713 184
169 168 713
99 102 285
272 99 285
272 100 99
106 285 102
106 284 285
284 106 291
291 106 105
266 265 291
260 266 714
252 260 714
252 714 227
252 227 217
218 252 217
172 171 715
716 303 294
716 306 303
306 716 336
307 306 336
335 336 716
287 335 716
288 335 287
287 716 293
293 716 294
210 178 176
210 176 186
211 178 210
299 298 717
395 299 717
395 717 718
299 395 304
719 720 718
719 721 720
722 721 719
722 723 721
724 725 723
724 723 726
723 727 726
727 728 726
728 727 729
393 395 725
730 731 728
732 730 733
732 727 734
732 734 722
480 735 447
480 481 735
735 452 447
447 448 480
88 91 290
736 737 738
736 739 737
736 740 739
739 740 741
739 741 742
743 742 741
744 745 746
747 744 746
748 749 750
751 226 225
751 225 752
752 225 223
752 223 753
754 752 753
220 753 223
222 753 220
222 755 753
138 119 117
348 345 363
363 345 343
363 343 756
343 242 756
343 342 242
242 342 240
398 757 403
758 759 760
758 760 761
759 758 762
762 758 763
762 763 764
759 762 765
766 759 765
766 765 767
765 768 769
765 769 770
771 765 770
771 770 772
773 769 768
773 768 774
775 776 773
770 776 775
775 773 777
770 775 778
779 770 778
779 778 780
781 782 783
781 783 784
785 783 782
785 786 783
785 787 786
785 788 787
789 790 791
789 791 792
790 789 793
790 793 794
795 793 789
795 789 796
797 796 789
797 789 798
799 793 795
799 795 800
801 802 796
801 803 802
804 801 796
804 796 805
806 802 803
806 803 807
808 809 810
808 810 811
808 811 812
808 812 813
814 815 816
814 816 817
818 814 817
818 817 819
820 816 815
820 815 821
822 823 824
822 824 825
822 826 827
828 822 827
827 829 830
827 830 831
832 833 830
832 830 834
835 833 832
834 836 837
838 839 840
838 841 839
842 840 843
842 843 844
845 839 846
845 846 847
847 841 848
845 849 850
851 852 853
851 853 854
855 852 851
855 851 856
857 855 856
857 856 858
859 860 861
859 861 862
863 860 859
863 864 860
865 859 862
865 862 866
866 862 867
868 863 859
868 859 865
863 869 864
862 870 867
867 870 871
861 872 862
872 873 862
862 873 870
872 874 873
873 874 875
873 875 870
870 876 871
875 876 870
877 871 876
877 876 878
878 876 875
879 877 878
879 878 880
878 875 881
882 880 878
882 878 881
883 881 875
881 883 884
881 884 882
885 884 883
886 885 883
886 883 887
887 883 875
887 888 886
888 887 889
889 887 875
889 890 888
889 891 890
891 892 890
891 893 892
894 892 893
894 895 892
885 896 884
894 897 895
872 891 889
898 891 872
899 894 893
897 894 899
899 893 900
900 893 891
900 891 898
901 902 868
903 904 905
903 906 904
904 907 905
907 908 905
908 907 909
908 909 910
908 910 911
908 911 912
905 913 914
913 915 914
915 913 912
905 914 916
914 915 917
918 905 916
918 916 919
919 920 918
914 917 921
922 921 917
922 923 921
923 924 921
925 923 922
926 925 922
926 922 927
927 928 926
927 929 928
929 930 928
929 931 930
931 932 930
931 933 932
933 934 932
933 935 934
934 935 936
937 929 927
925 938 923
924 923 938
938 939 924
940 939 938
941 939 940
942 941 940
941 942 943
941 943 944
945 944 943
945 943 946
947 945 946
947 946 948
949 947 948
949 948 950
950 951 949
939 941 952
952 941 944
952 944 953
954 953 944
954 944 945
955 954 945
955 945 947
956 955 947
956 947 949
957 956 949
951 957 949
957 951 958
959 960 961
959 961 962
963 960 959
963 964 960
963 965 964
966 967 968
966 968 969
970 967 966
970 971 967
972 971 970
972 973 971
972 974 973
969 975 966
976 975 969
977 978 979
980 981 982
983 980 982
983 982 984
984 985 983
984 986 985
985 986 987
980 988 981
988 989 981
988 990 989
991 989 990
991 992 989
991 993 992
991 994 993
980 995 988
996 995 980
996 980 997
997 998 999
999 998 1000
997 999 1001
1002 1003 1004
1004 1005 1002
1006 1002 1005
1006 1007 1002
1008 1007 1006
1008 1009 1007
1010 1009 1008
1010 1011 1009
1012 1011 1010
1012 1013 1011
1014 1013 1012
1014 1015 1013
1016 1015 1014
1016 1017 1015
1017 1016 1018
1019 1006 1005
1006 1019 1020
1006 1020 1021
1008 1020 1022
1008 1022 1023
1023 1022 1024
1023 1024 1025
1026 1025 1024
1026 1027 1025
1027 1026 1028
1027 1028 1029
1030 1029 1028
1031 1019 1032
1019 1005 1032
1032 1005 1033
1007 1034 1035
1007 1035 1036
1037 1038 1034
1037 1034 1039
1040 1038 1037
1040 1041 1038
1042 1041 1040
1042 1043 1041
1043 1042 1044
1043 1044 1045
1046 1045 1044
1002 1035 1003
1047 1048 1049
1047 1049 1050
1051 1047 1050
1051 1050 1052
1052 1053 1051
1052 1054 1053
1053 1054 1055
1049 1048 1056
1048 1057 1056
1056 1057 1058
1056 1058 1059
1058 1060 1059
1058 1061 1060
1062 1060 1061
1063 1064 1065
1063 1065 1066
1065 1064 1067
1063 1066 1068
1063 1068 1069
1069 1068 1070
1068 1071 1070
1068 1072 1071
1068 1073 1072
1068 1074 1073
1068 1075 1074
1073 1074 1076
1073 1076 1077
1072 1073 1077
1076 1078 1077
1076 1079 1078
1068 1080 1075
1068 1081 1080
1081 1082 1080
1081 1083 1082
1082 1083 1084
1085 1077 1078
1072 1077 1085
1078 1086 1087
1078 1087 1088
1089 1088 1087
1090 1091 1092
1090 1092 1093
1092 1091 1094
912 1093 1095
912 1095 915
1095 1096 915
1095 929 1096
503 506 1097
503 1097 518
1097 521 518
1098 1099 1100
1098 1100 1101
1102 1099 1098
1102 1103 1099
1104 1103 1102
1104 1105 1103
1106 1105 1104
1106 1107 1105
1107 1106 1108
1109 1101 1100
1109 1100 1110
1111 1109 1110
1112 1113 1114
1112 1114 1115
1115 1114 1116
1117 1118 1119
1117 1119 1120
1118 1121 1119
1118 1122 1121
1121 1122 1123
920 1117 1120
920 1120 918
1124 1125 1126
1124 1126 1127
1128 1125 1124
1128 1129 1125
1129 1128 1130
1131 1127 1126
1131 1126 1132
1133 1131 1132
922 1134 927
1135 1136 1137
1135 1137 1138
1139 1138 1137
1140 1138 1139
1139 1141 1140
1139 1142 1141
1141 1142 1143
1141 1143 1144
1144 1143 1145
1144 1145 1146
1145 1147 1146
1145 1148 1147
1149 1147 1148
1150 1147 1151
1152 1147 1150
1152 1150 1153
1154 1152 1153
1154 1153 1155
1156 1154 1155
1156 1155 1157
1140 1156 1157
1140 1157 1158
1158 1159 1140
1158 1160 1159
1161 1160 1158
1162 1163 1164
1162 1164 1165
1163 1162 1166
1167 1166 1162
1167 1162 1168
1167 1168 1169
1163 1166 1170
1163 1171 1164
1171 1163 1170
1172 1168 1162
1172 1162 1165
1172 1173 1168
1173 1174 1168
1169 1174 1175
1169 1175 1176
1177 1176 1175
1177 1178 1176
1179 1178 1177
1179 1180 1178
1177 1181 1179
1182 1179 1181
1182 1183 1179
1184 1182 1181
1184 1181 1185
1186 1185 1181
1177 1186 1181
1175 1186 1177
1186 1187 1185
1188 1187 1186
1174 1188 1175
1175 1188 1186
1188 1189 1187
1190 1189 1188
1190 1191 1189
1190 1192 1191
1190 1193 1192
1194 1180 1179
1194 1179 1183
1193 1195 1192
1174 1196 1188
1173 1196 1174
1197 1198 1192
1197 1192 1172
1199 1198 1197
1200 1174 1169
1201 1202 1203
1201 1203 1204
1204 1205 1201
1206 1207 1208
1209 1206 1208
1209 1210 1206
1211 1210 1209
1206 1212 1207
1213 1214 1215
1213 1215 1216
1217 1216 1215
1217 1218 1216
1217 1219 1218
1217 1220 1219
1221 1214 1213
1221 1222 1214
1213 1223 1221
1221 1223 1224
1223 1225 1224
1223 1226 1225
1227 1225 1226
1227 1226 1228
1228 1229 1227
1222 1221 1230
1231 1222 1230
1231 1232 1222
1233 1232 1231
1233 1231 1234
1234 1235 1233
1236 1237 1238
1236 1238 1239
1240 1237 1236
1239 1238 1241
1239 1241 1242
1241 1243 1242
1241 1244 1243
1245 1246 1247
1245 1247 1248
1249 1245 1248
1249 1250 1245
1251 1250 1249
1246 1252 1247
1246 1253 1252
1254 1255 1256
1254 1256 1257
1254 1258 1255
1254 1259 1258
1259 1260 1258
1261 1262 1260
1263 1262 1261
1263 1261 1264
1257 1265 1264
1265 1263 1264
1265 1266 1263
1265 1267 1266
1257 1267 1265
1257 1268 1267
1267 1268 1269
1269 1268 1270
1271 1256 1270
1271 1270 1268
1269 1270 1272
1273 1269 1272
1273 1274 1269
1274 1275 1269
1267 1269 1275
1275 1276 1267
1275 1277 1276
1276 1277 1278
1276 1278 1279
1280 1276 1279
1280 1281 1276
1267 1276 1281
1282 1281 1280
1282 1283 1281
1274 1284 1275
1285 1284 1274
1285 1274 1286
1287 1278 1277
1287 1277 1288
1288 1277 1275
1288 1275 1284
1289 1287 1288
1289 1288 1290
1290 1288 1284
1290 1284 1285
1291 1285 1286
1291 1286 1292
1282 1293 1283
1294 1293 1295
1294 1295 1296
1294 1296 1297
1296 1298 1297
1299 1286 1274
1299 1274 1273
1300 1301 1302
1303 1304 1302
1303 1305 1304
1303 1302 1306
1306 1302 1307
1308 1306 1307
1302 1309 1307
1310 1309 1300
1310 1300 1311
1312 1310 1311
1312 1313 1310
1314 1313 1312
1314 1315 1313
1315 1314 1316
1315 1316 1317
1316 1318 1317
1319 1320 1321
1319 1321 1322
1319 1322 1323
1323 1322 1324
1323 1324 1325
1326 1325 1324
1326 1327 1325
1327 1326 1328
1329 1330 1331
1329 1331 1332
1331 1333 1332
1330 1329 1334
1330 1334 1335
1336 1337 1338
1336 1338 1339
1338 1340 1339
1337 1336 1341
1337 1341 1342
1337 1342 1343
1344 1343 1342
1344 1342 1345
1346 1344 1345
1347 1348 1349
1350 1351 1352
1350 1352 1353
1354 1351 1350
1354 1350 1355
1356 1354 1355
1356 1355 1357
1358 1356 1357
1358 1359 1356
1360 1359 1358
1360 1361 1359
1361 1360 1362
1361 1362 1363
1363 1362 1364
1363 1364 1365
1366 1365 1364
1367 1368 1369
1367 1369 1370
1368 1367 1371
1368 1371 1372
1373 1372 1371
1373 1374 1372
1374 1373 1375
1374 1375 1376
1377 1376 1375
1377 1378 1376
1378 1377 1379
1378 1379 1380
1379 1381 1380
1379 1382 1381
1382 1383 1381
1382 1384 1383
1383 1384 1385
1386 1387 1388
1386 1388 1389
1387 1386 1390
1387 1390 1391
1391 1390 1392
1388 1393 1389
1389 1393 1394
1388 1395 1393
1393 1395 1396
1393 1396 1397
1398 1397 1396
1399 1400 1401
1399 1401 1402
1402 1401 1403
1403 1401 1404
1405 1403 1404
1405 1404 1406
1407 1400 1399
1407 1408 1400
1409 1408 1407
1410 1411 1412
1410 1412 1413
1410 1414 1411
1410 1415 1414
1416 1414 1415
1416 1417 1414
1412 1418 1413
1417 1419 1420
1421 1416 1419
1416 1422 1419
1423 1420 1424
1423 1424 1425
1425 1426 1423
1427 1428 1429
1427 1429 1430
1431 1429 1428
1431 1432 1429
1430 1433 1427
1430 1434 1433
1434 1435 1433
1432 1431 1436
1437 1438 1439
1440 1441 1442
1440 1442 1443
1442 1441 1444
1445 1440 1443
1446 1440 1445
1446 1445 1447
1448 1447 1445
1448 1445 1449
1448 1449 1450
1451 1452 1453
1454 1452 1451
1454 1455 1452
1454 1456 1455
1457 1455 1456
1454 1458 1456
1459 1456 1458
1460 1461 1462
1460 1462 1463
1464 1461 1460
1462 1465 1463
1466 1465 1462
1466 1467 1465
1466 1468 1467
1468 1469 1467
1470 1471 1472
1470 1472 1473
1474 1470 1473
1474 1473 1475
1476 1474 1475
1477 1478 1479
1477 1480 1478
1480 1481 1478
1482 1478 1481
1483 1484 1485
1485 1484 1486
1484 1487 1486
1488 1487 1484
1489 1490 1491
1492 1493 1494
1494 1493 1495
1496 1497 1498
1499 1496 1498
1498 1500 1499
1498 1501 1500
1501 1498 1497
1501 1502 1500
1501 1503 1502
1504 1503 1501
1504 1501 1505
1501 1497 1505
1503 1504 1506
1503 1506 1507
1507 1506 1508
1507 1508 1509
1510 1507 1509
1510 1511 1507
1511 1502 1503
1511 1503 1507
1512 1509 1508
1512 1513 1509
1513 1512 1514
1508 1515 1512
1508 1516 1515
1515 1516 1517
1515 1517 1518
1518 1519 1515
1515 1519 1512
1512 1519 1514
1518 1520 1519
1516 1521 1517
1516 1522 1521
1508 1522 1516
1519 1523 1514
1524 1523 1519
1524 1525 1523
1524 1526 1525
1525 1526 1527
1525 1527 1528
1529 1527 1526
1530 1526 1524
1530 1529 1526
1530 1524 1531
1519 1520 1531
1524 1519 1531
1527 1532 1528
1529 1532 1527
1529 1533 1532
1533 1534 1532
1533 1535 1534
1534 1536 1532
1534 1537 1536
1537 1538 1536
1537 1539 1538
1536 1538 1540
1541 1536 1540
1541 1528 1532
1541 1532 1536
1541 1540 1542
1541 1542 1543
1528 1541 1543
1543 1542 1544
1542 1545 1544
1542 1546 1545
1540 1546 1542
1543 1544 1547
1548 1544 1545
1548 1545 1549
1544 1548 1550
1544 1550 1547
1551 1548 1549
1551 1549 1552
1548 1551 1553
1548 1553 1550
1554 1551 1552
1551 1554 1553
1554 1552 1555
1556 1554 1555
1556 1555 1557
1554 1556 1558
1554 1558 1559
1554 1559 1553
1556 1557 1560
1556 1560 1561
1561 1558 1556
1561 1562 1558
1561 1560 1563
1562 1561 1563
1564 1550 1553
1565 1564 1553
1565 1566 1564
1565 1567 1566
1565 1568 1567
1569 1567 1568
1569 1568 1570
1571 1569 1570
1571 1570 1572
1572 1573 1571
1574 1564 1566
1567 1574 1566
1574 1575 1564
1576 1575 1574
1577 1575 1576
1577 1578 1575
1576 1574 1579
1580 1579 1574
1567 1580 1574
1580 1581 1579
1581 1580 1582
1582 1580 1567
1582 1567 1569
1581 1582 1583
1582 1584 1583
1582 1585 1584
1586 1584 1585
1586 1585 1571
1575 1578 1550
1578 1547 1550
1523 1547 1578
1577 1523 1578
1523 1543 1547
1523 1525 1543
1528 1543 1525
1585 1582 1569
1585 1569 1571
1575 1550 1564
1587 1588 1589
1587 1589 1590
1588 1587 1591
1588 1591 1592
1592 1591 1593
1594 1590 1589
1594 1595 1590
1596 1590 1595
1596 1595 1597
1596 1597 1598
1596 1598 1599
1596 1599 1600
1601 1596 1600
1596 1601 1590
1601 1600 1602
1602 1600 1603
1603 1600 1599
1595 1604 1597
1595 1594 1604
1605 1604 1594
1605 1594 1606
1594 1607 1606
1594 1608 1607
1605 1606 1609
1606 1610 1609
1606 1611 1610
1612 1611 1606
1612 1606 1607
1612 1613 1611
1614 1610 1611
1614 1611 1613
1614 1613 1615
1616 1614 1615
1616 1615 1617
1616 1617 1618
1617 1619 1618
1617 1620 1619
1618 1619 1529
1530 1616 1618
1530 1618 1529
1530 1621 1616
1621 1614 1616
1619 1620 1622
1529 1619 1622
1529 1622 1533
1533 1622 1623
1533 1623 1535
1623 1622 1624
1623 1624 1625
1626 1625 1624
1626 1627 1625
1628 1626 1624
1628 1624 1622
1628 1622 1620
1628 1629 1626
1629 1630 1626
1626 1630 1627
1628 1631 1629
1632 1629 1631
1631 1633 1632
1631 1634 1633
1635 1633 1634
1634 1636 1635
1635 1636 1637
1635 1637 1638
1638 1639 1635
1635 1639 1633
1638 1640 1639
1641 1640 1638
1641 1642 1640
1643 1642 1641
1643 1644 1642
1641 1645 1643
1641 1646 1645
1638 1637 1646
1638 1646 1641
1643 1647 1644
1643 1648 1647
1648 1643 1645
1648 1645 1649
1648 1650 1647
1649 1651 1648
1652 1637 1636
1653 1652 1636
1654 1652 1653
1654 1655 1652
1655 1654 1656
1655 1656 1657
1658 1657 1656
1658 1659 1657
1659 1658 1660
1661 1660 1658
1661 1658 1662
1659 1660 1663
1664 1654 1653
1664 1665 1654
1656 1654 1665
1656 1665 1666
1666 1662 1658
1666 1658 1656
1667 1664 1653
1667 1653 1668
1615 1667 1668
1615 1668 1669
1668 1634 1669
1669 1634 1631
1669 1631 1670
1615 1669 1670
1628 1670 1631
1668 1636 1634
1653 1636 1668
1620 1670 1628
1620 1617 1670
1615 1670 1617
1663 1660 1671
1671 1660 1661
1672 1663 1671
1673 1663 1672
1673 1659 1663
1659 1673 1674
1659 1674 1657
1675 1657 1674
1675 1655 1657
1655 1675 1637
1655 1637 1652
1676 1677 1678
1679 1678 1677
1679 1677 1680
1681 1680 1677
1682 1678 1679
1683 1682 1679
1684 1683 1679
1685 1684 1679
1685 1679 1680
1682 1686 1678
1686 1682 1687
1682 1683 1687
1683 1688 1687
1686 1687 1689
1690 1689 1687
1688 1690 1687
1688 1691 1690
1692 1691 1688
1683 1692 1688
1692 1693 1691
1693 1692 1694
1695 1693 1694
1696 1693 1695
1696 1695 1697
1696 1697 1698
1695 1699 1697
1695 1700 1699
1695 1694 1700
1697 1699 1701
1700 1702 1699
1702 1701 1699
1700 1703 1702
1704 1702 1703
1704 1705 1702
1705 1706 1702
1702 1706 1701
1705 1707 1706
1708 1705 1704
1708 1709 1705
1701 1710 1697
1701 1711 1710
1707 1712 1706
1712 1711 1701
1712 1701 1706
1707 1713 1712
1714 1713 1707
1705 1709 1714
1705 1714 1707
1714 1715 1713
1715 1716 1713
1713 1716 1712
1715 1717 1716
1712 1716 1718
1718 1711 1712
1718 1719 1711
1711 1719 1720
1711 1720 1710
1721 1710 1720
1697 1710 1721
1697 1721 1698
1721 1720 1722
1720 1719 1723
1720 1723 1724
1725 1723 1719
1725 1719 1718
1716 1717 1726
1716 1726 1727
1718 1716 1727
1718 1727 1725
1698 1721 1537
1537 1721 1722
1698 1537 1534
1696 1698 1534
1696 1534 1535
1537 1722 1539
1722 1728 1539
1722 1729 1728
1728 1729 1730
1724 1730 1729
1728 1730 1731
1728 1731 1732
1728 1732 1733
1734 1733 1732
1735 1733 1734
1735 1538 1733
1728 1733 1538
1728 1538 1539
1734 1732 1736
1540 1538 1735
1540 1735 1546
1546 1735 1734
1696 1535 1623
1696 1623 1737
1737 1623 1625
1737 1625 1738
1693 1737 1738
1696 1737 1693
1693 1738 1691
1738 1690 1691
1738 1739 1690
1627 1739 1738
1627 1738 1625
1739 1627 1740
1739 1740 1741
1690 1739 1741
1740 1742 1741
1740 1743 1742
1740 1744 1743
1740 1745 1744
1740 1627 1630
1740 1630 1745
1746 1741 1742
1690 1741 1746
1690 1746 1689
1747 1745 1630
1747 1630 1748
1632 1747 1748
1632 1749 1747
1749 1750 1747
1750 1744 1745
1750 1745 1747
1632 1748 1629
1629 1748 1630
1751 1750 1749
1752 1749 1632
1752 1632 1753
1753 1754 1752
1753 1755 1754
1755 1756 1754
1755 1757 1756
1758 1756 1757
1758 1757 1759
1759 1760 1758
1760 1761 1758
1762 1754 1756
1762 1756 1758
1762 1758 1761
1762 1763 1754
1752 1754 1763
1752 1763 1764
1764 1751 1749
1764 1749 1752
1765 1766 1767
1765 1767 1768
1765 1768 1769
1768 1770 1769
1768 1771 1770
1772 1770 1771
1772 1771 1522
1508 1772 1522
1522 1771 1773
1521 1522 1773
1521 1773 1774
1774 1773 1775
1773 1771 1775
1774 1775 1776
1775 1777 1776
1778 1775 1771
1777 1775 1778
1779 1777 1778
1779 1778 1771
1780 1781 1782
1780 1782 1783
1784 1783 1782
1784 1785 1783
1786 1782 1781
1786 1784 1782
1786 1781 1787
1786 1788 1784
1789 1781 1780
1789 1790 1781
1790 1787 1781
1790 1791 1787
1791 1790 1792
1791 1792 1793
1790 1789 1546
1790 1546 1792
1546 1734 1792
1792 1734 1736
1792 1736 1793
1794 1785 1784
1788 1794 1784
1794 1795 1785
1795 1794 1796
1796 1794 1797
1788 1797 1794
1798 1799 1800
1798 1800 1801
1802 1799 1798
1798 1801 1803
1798 1803 1804
1803 1805 1804
1803 1806 1805
1804 1805 1807
1798 1804 1808
1804 1807 1808
1802 1798 1808
1803 1809 1806
1803 1810 1809
1801 1810 1803
1811 1809 1810
1811 1812 1809
1813 1812 1811
1704 1813 1811
1704 1703 1813
1813 1814 1812
1700 1813 1703
1700 1694 1813
1692 1814 1813
1692 1813 1694
1708 1704 1811
1708 1811 1810
1801 1708 1810
1800 1708 1801
1800 1709 1708
1815 1709 1800
1815 1714 1709
1715 1714 1815
1715 1815 1816
1816 1815 1800
1715 1816 1817
1683 1814 1692
1814 1683 1684
1814 1684 1812
1812 1684 1685
1812 1685 1809
1685 1806 1809
1806 1685 1805
1817 1816 1818
1817 1818 1819
1685 1680 1805
1680 1820 1805
1820 1807 1805
1818 1816 1799
1799 1821 1818
1821 1822 1818
1822 1823 1818
1824 1818 1823
1823 1822 1825
1823 1825 1826
1826 1726 1823
1726 1824 1823
1826 1827 1726
1828 1726 1827
1727 1726 1828
1822 1829 1825
1830 1829 1822
1830 1822 1802
1802 1821 1799
1822 1821 1802
1831 1829 1830
1832 1831 1807
1833 1831 1832
1833 1829 1831
1834 1833 1832
1677 1834 1832
1677 1835 1834
1677 1836 1835
1677 1676 1836
1831 1830 1808
1831 1808 1807
1830 1802 1808
1681 1677 1832
1807 1681 1832
1720 1724 1729
1720 1729 1722
1514 1837 1513
1509 1513 1837
1509 1837 1510
1838 1839 1840
1841 1840 1839
1841 1839 1842
1843 1838 1840
1844 1841 1842
1844 1845 1841
1845 1844 1846
1839 1838 1847
1847 1838 1609
1609 1838 1605
1838 1843 1605
1847 1609 1848
1610 1848 1609
1610 1849 1848
1849 1610 1614
1849 1614 1850
1621 1850 1614
1851 1844 1842
1844 1851 1846
1851 1842 1852
1852 1842 1839
1839 1847 1853
1852 1839 1853
1608 1594 1589
1816 1800 1799
1717 1715 1817
1819 1717 1817
1726 1717 1824
1854 1855 1856
1854 1856 1857
1854 1858 1855
1854 1859 1858
1859 1860 1858
1859 1861 1860
1855 1862 1856
1855 1863 1862
1855 1858 1864
1855 1864 1863
1858 1860 1865
1858 1865 1864
1866 1854 1857
1859 1854 1866
1866 1857 1867
1859 1866 1868
1869 1861 1859
1869 1859 1868
1870 1866 1867
1868 1866 1870
1870 1867 1871
1868 1870 1872
1869 1868 1872
1869 1872 1873
1871 1867 1874
1871 1874 1875
1867 1876 1874
1867 1857 1876
1877 1876 1857
1877 1857 1856
1878 1877 1856
1878 1856 1862
1879 1870 1871
1875 1879 1871
1879 1880 1870
1880 1872 1870
1875 1881 1879
1872 1882 1873
1872 1883 1882
1880 1883 1872
1884 1880 1879
1884 1885 1880
1886 1885 1884
1887 1886 1884
1887 1884 1879
1887 1879 1881
1888 1885 1886
1888 1882 1883
1880 1885 1888
1880 1888 1883
1888 1886 1889
1888 1889 1882
1890 1891 1892
1890 1892 1893
1890 1893 1894
1890 1894 1895
1896 1895 1894
1896 1897 1895
1893 1892 1898
1893 1898 1899
1894 1893 1899
1894 1899 1900
1900 1896 1894
1900 1899 1901
1900 1901 1902
1897 1896 1903
1897 1903 1904
1897 1904 1905
1896 1900 1906
1896 1906 1903
1900 1902 1906
1907 1902 1901
1892 1908 1898
1908 1909 1898
1907 1901 1909
1899 1898 1909
1899 1909 1901
1908 1910 1909
1910 1907 1909
1910 1911 1907
1907 1911 1912
1907 1912 1913
1914 1907 1913
1907 1914 1902
1915 1914 1913
1913 1916 1915
1913 1917 1916
1918 1916 1917
1918 1917 1919
1919 1920 1918
1919 1921 1920
1919 1922 1921
1919 1917 1923
1919 1923 1922
1923 1913 1912
1913 1923 1917
1918 1924 1916
1918 1925 1924
1925 1926 1924
1925 1927 1926
1915 1928 1914
1928 1915 1916
1928 1916 1924
1928 1924 1926
1914 1928 1929
1930 1929 1928
1926 1930 1928
1930 1931 1929
1929 1931 1932
1929 1932 1933
1934 1933 1932
1934 1935 1933
1929 1933 1936
1937 1935 1934
1937 1934 1938
1939 1927 1925
1939 1925 1940
1925 1918 1940
1941 1939 1940
1937 1938 1942
1942 1938 1943
1942 1943 1944
1944 1943 1945
1944 1945 1946
1945 1947 1946
1945 1948 1947
1949 1947 1948
1949 1950 1947
1949 1951 1950
1949 1952 1951
1952 1953 1951
1937 1942 1954
1937 1954 1955
1956 1955 1954
1956 1957 1955
1958 1957 1956
1958 1959 1957
1960 1959 1958
1960 1961 1959
1962 1961 1960
1962 1960 1963
1964 1962 1963
1964 1963 1965
1964 1965 1966
1964 1966 1967
1966 1968 1967
1969 1957 1959
1969 1959 1970
1957 1969 1971
1957 1971 1955
1970 1959 1972
1970 1972 1973
1972 1974 1973
1972 1975 1974
1975 1976 1974
1975 1977 1976
1978 1976 1977
1978 1979 1976
1979 1978 1980
1979 1980 1981
1980 1982 1981
1983 1937 1955
1983 1984 1937
1984 1935 1937
1984 1985 1935
1986 1985 1984
1983 1986 1984
1986 1987 1985
1988 1987 1986
1988 1986 1989
1989 1906 1988
1989 1903 1906
1990 1903 1989
1988 1906 1902
1988 1902 1991
1987 1988 1991
1991 1902 1914
1985 1933 1935
1985 1936 1933
1987 1991 1936
1987 1936 1985
1989 1986 1992
1989 1992 1990
1983 1992 1986
1929 1936 1991
1929 1991 1914
1990 1904 1903
1990 1905 1904
1990 1993 1905
1990 1994 1993
1995 1993 1994
1995 1996 1993
1997 1996 1995
1997 1995 1998
1999 1997 1998
1999 1998 2000
1999 2000 2001
2000 2002 2001
2000 2003 2002
2003 2004 2002
2003 2005 2004
2003 2006 2005
2007 2005 2006
2007 2008 2005
2007 2009 2008
2007 2010 2009
2010 2011 2009
2012 2004 2005
2012 2013 2004
2012 2014 2013
2012 2015 2014
2015 2016 2014
2017 1999 2001
2017 2001 2018
2018 2019 2017
2018 2020 2019
2021 2019 2020
2021 2022 2019
2023 2022 2021
2023 2024 2022
2023 2025 2024
2026 2027 2028
2028 2029 2026
2028 2030 2029
2030 2031 2029
2030 2032 2031
2033 2031 2032
2033 2032 2034
2035 2033 2034
2035 2036 2033
2036 2035 2037
2036 2037 2038
2039 2038 2037
2039 2040 2038
2041 2039 2037
2041 2037 2042
2041 2042 2043
2043 2042 2044
2043 2044 2045
2046 2045 2044
2046 2044 2047
2048 2046 2047
2048 2047 2049
2049 2050 2048
2041 2051 2039
2039 2052 2040
2053 2052 2039
2051 2053 2039
1891 2052 2053
2054 1891 2053
2053 2055 2054
2053 2056 2055
2057 2056 2053
2057 2053 2058
2059 2057 2058
2059 2058 2060
2061 2059 2060
2061 2062 2059
2063 2062 2061
2063 2064 2062
2063 2065 2064
2063 2066 2065
2065 2066 2067
2055 1892 2054
1891 2054 1892
2055 2068 1892
2068 2069 1892
1892 2069 1908
2068 2070 2069
2068 2071 2070
2071 2072 2070
2071 2073 2072
2072 2073 2074
2072 2074 2075
2076 2075 2074
2076 2074 2077
2076 2077 2078
2076 2078 2079
2078 2080 2079
2078 2081 2080
2080 2081 2082
1921 2083 2084
1921 2084 1920
2085 2086 2087
2085 2088 2086
2087 2086 2089
2087 2089 2090
2090 2089 2091
2090 2091 2092
2091 2093 2092
2091 2052 2093
2085 2094 2088
2094 2085 2095
2094 2095 2096
2096 2095 2097
2096 2097 2098
2085 2099 2095
2100 2095 2099
2100 2099 2101
2102 2100 2101
2097 2103 2098
2097 2104 2103
2105 2103 2104
2052 1905 2093
2052 1897 1905
1891 1897 2052
2106 2107 2108
2106 2108 2109
2106 2109 2110
2106 2110 2111
2111 2110 2112
2111 2112 2113
2109 2108 2114
2109 2114 2115
2109 2115 2116
2109 2116 2110
2110 2116 2117
2110 2117 2112
2118 2107 2106
2111 2118 2106
2118 2119 2107
2111 2120 2118
2121 2120 2111
2121 2111 2113
2122 2119 2118
2122 2118 2123
2120 2123 2118
2120 2124 2123
2124 2120 2121
2124 2121 2125
2126 2119 2122
2126 2127 2119
2119 2127 2128
2119 2128 2107
2129 2107 2128
2129 2108 2107
2130 2108 2129
2130 2114 2108
2131 2122 2123
2131 2123 2132
2124 2132 2123
2133 2131 2132
2134 2131 2133
2134 2126 2122
2134 2122 2131
2135 2133 2132
2124 2135 2132
2135 2124 2125
2135 2136 2133
2135 2125 2136
