byte offset: 0
first index: 0
index count: 10917
topology: trianglelist
format: DXGI_FORMAT_R16_UINT

0 1 2
2 1 3
2 3 4
5 6 7
7 8 5
8 9 5
10 9 8
11 9 10
10 12 11
6 13 7
6 14 13
14 15 13
16 9 17
16 17 18
9 16 19
16 20 19
19 20 21
21 20 22
21 22 23
24 23 22
24 15 23
25 26 27
26 28 27
26 29 28
29 26 30
27 28 31
31 32 27
33 27 32
25 27 33
32 34 33
29 35 28
35 31 28
35 29 36
29 37 36
29 30 37
38 31 35
31 38 39
39 32 31
40 26 25
40 25 41
42 40 41
43 40 42
42 41 44
36 45 35
45 38 35
38 45 46
46 47 38
47 39 38
48 45 36
36 49 48
36 37 49
48 49 50
50 51 48
48 51 52
52 51 53
53 54 52
52 55 48
55 56 48
48 56 45
45 56 46
56 55 57
57 58 56
56 58 46
55 52 59
59 60 55
55 60 61
61 62 55
59 63 60
60 63 64
64 63 65
65 66 64
67 66 65
66 67 68
69 68 67
68 69 70
71 70 69
71 72 70
72 73 70
73 72 74
75 74 72
74 75 76
75 77 76
71 78 72
79 77 78
80 79 75
80 78 71
80 71 69
81 79 80
82 81 80
69 82 80
67 82 69
81 82 83
84 83 82
82 85 84
82 67 85
86 84 85
65 86 85
85 67 65
86 65 63
63 87 86
87 63 59
59 88 87
88 59 52
52 54 88
88 89 87
87 89 90
87 90 91
91 86 87
92 91 90
92 86 91
90 93 92
94 92 93
94 95 92
96 95 94
96 97 95
97 96 98
98 99 97
97 100 95
97 99 100
95 101 92
95 100 101
92 101 86
96 94 102
102 103 96
96 103 98
89 104 90
105 93 90
90 104 105
94 93 105
105 102 94
89 106 104
107 106 89
108 107 89
88 108 89
108 109 107
110 109 108
54 108 88
54 110 108
53 110 54
53 111 110
112 111 53
112 53 51
51 50 112
113 112 50
50 114 113
49 114 50
49 37 114
37 115 114
30 115 37
116 115 30
116 30 26
116 26 40
43 116 40
117 116 43
118 116 117
116 118 115
117 43 119
117 119 120
121 120 119
120 121 122
122 121 123
124 122 123
122 124 125
125 126 122
126 120 122
124 123 127
128 125 124
124 129 128
129 124 127
129 127 130
131 125 128
126 125 131
128 132 131
132 128 133
133 128 134
134 128 129
131 135 126
136 126 135
136 120 126
117 120 136
137 136 135
136 118 117
118 136 138
138 136 113
138 115 118
114 115 138
114 138 113
139 131 132
135 139 137
139 135 131
132 140 139
140 132 133
137 139 141
141 142 137
142 136 137
136 142 113
142 141 112
113 142 112
141 139 143
139 140 143
112 141 111
143 111 141
143 140 144
133 144 140
144 133 145
145 133 146
146 147 145
145 147 148
149 148 147
147 150 149
148 151 145
144 145 151
148 149 152
152 153 148
153 151 148
154 149 150
150 155 154
152 149 156
149 154 156
154 155 157
158 157 155
156 154 159
154 157 159
160 159 157
157 161 160
157 158 162
162 161 157
161 162 163
163 164 161
164 163 165
166 165 163
165 166 167
165 167 168
168 167 169
168 169 170
169 171 170
170 171 172
172 171 173
174 171 169
174 169 167
172 173 175
172 175 176
176 170 172
170 176 177
167 178 174
179 176 175
176 179 180
177 180 165
177 176 180
181 178 167
167 166 181
180 179 182
182 164 180
165 180 164
161 164 182
161 182 160
183 181 166
166 184 183
163 184 166
183 184 185
185 186 183
162 185 184
184 163 162
186 185 187
188 187 185
185 162 158
158 188 185
188 158 189
155 189 158
155 150 189
189 150 190
150 147 190
190 147 146
190 146 191
190 191 192
192 189 190
191 146 193
146 134 193
133 134 146
193 194 191
134 195 193
194 193 195
134 196 195
129 196 134
196 129 130
196 130 197
196 197 198
197 199 198
200 198 199
200 201 198
202 198 201
195 196 202
198 202 196
203 202 201
204 203 201
203 204 205
201 206 204
200 206 201
207 205 204
207 204 206
208 205 207
209 205 208
210 209 208
210 208 211
211 212 210
212 211 213
214 213 211
213 214 215
215 214 216
216 217 215
215 217 218
218 219 215
215 219 213
219 218 220
220 221 219
219 221 222
219 222 213
222 221 223
223 221 224
225 213 222
213 225 212
222 226 225
222 227 226
228 227 222
229 227 228
230 229 228
229 230 231
232 229 231
232 231 233
234 233 226
233 235 226
226 235 225
236 234 226
237 234 236
233 238 235
239 235 238
235 239 240
225 235 240
239 241 240
242 240 241
241 243 242
233 244 238
212 240 242
225 240 212
243 241 245
239 245 241
245 246 243
242 243 247
247 243 248
242 210 212
210 242 247
247 248 249
249 248 250
251 249 250
247 209 210
209 247 249
249 252 209
209 252 205
203 205 252
252 253 203
252 254 253
249 254 252
251 254 249
194 253 254
253 202 203
253 195 202
195 253 194
255 251 250
256 250 248
250 256 255
248 257 256
254 258 194
254 251 258
191 194 258
191 258 192
255 259 251
259 258 251
257 248 260
260 248 243
261 262 263
262 261 264
265 263 262
262 266 265
267 265 266
266 268 267
269 264 261
261 270 269
269 270 57
271 270 261
271 261 272
271 272 273
273 272 274
273 274 267
275 270 271
57 270 58
58 270 275
46 58 275
47 46 275
275 276 47
275 271 276
276 277 47
39 47 277
277 278 39
32 39 278
34 32 278
278 279 34
34 279 280
280 281 34
34 281 282
282 33 34
33 282 41
41 25 33
41 282 283
283 282 281
283 44 41
44 283 284
281 285 283
283 285 284
286 284 285
287 286 285
286 287 288
289 288 287
288 289 290
287 291 289
285 292 287
291 287 292
292 285 281
292 293 291
289 294 290
289 295 294
295 289 291
296 294 295
296 297 294
291 298 295
299 295 298
295 299 296
299 300 296
300 301 296
301 297 296
301 302 297
293 303 291
293 304 303
303 305 291
303 306 305
306 303 307
304 307 303
306 308 305
280 304 293
304 280 279
279 309 304
293 292 280
281 280 292
309 279 278
278 310 309
278 277 310
277 311 310
311 312 310
312 309 310
277 313 311
277 276 313
314 311 313
314 315 311
315 312 311
316 315 314
316 317 315
318 315 317
312 315 318
318 319 312
312 319 309
318 320 319
321 320 318
317 321 318
321 322 320
323 322 321
322 323 324
324 323 325
325 323 326
326 327 325
328 327 326
328 329 327
327 329 330
330 331 327
331 330 332
332 333 331
331 333 334
334 335 331
335 325 327
327 331 335
336 334 333
333 337 336
337 338 336
334 339 335
339 334 340
341 340 334
334 336 341
336 338 341
333 342 337
343 337 342
337 344 338
335 339 345
335 345 325
324 325 345
338 346 347
348 347 346
346 349 348
348 349 350
350 351 348
351 350 352
352 353 351
354 353 352
352 355 354
356 354 355
355 357 356
320 356 357
320 358 359
359 358 360
360 307 359
359 307 304
359 304 309
309 319 359
320 359 319
307 360 306
361 358 320
358 361 362
362 363 358
362 364 363
300 363 364
300 364 365
365 301 300
366 365 364
364 362 366
366 362 361
367 365 366
367 301 365
368 301 367
302 301 368
368 369 302
369 368 370
370 371 369
372 371 370
373 371 372
374 373 372
372 375 374
376 374 375
374 376 377
377 378 374
373 374 378
378 377 379
376 375 380
380 375 381
372 381 375
381 372 370
381 382 380
380 382 383
380 384 376
385 376 384
385 386 376
385 387 386
388 376 386
389 379 388
388 390 389
390 391 389
386 391 390
386 392 388
393 382 381
393 394 382
394 395 382
395 394 396
370 393 381
393 370 368
368 367 393
393 367 397
397 394 393
397 398 394
398 397 399
366 397 367
366 400 397
400 366 355
361 355 366
401 402 220
403 404 405
405 404 406
405 406 407
408 403 405
407 409 405
405 409 408
410 409 407
407 411 410
412 410 411
413 410 412
407 414 411
407 406 414
411 415 412
411 414 415
416 417 418
416 418 419
419 420 416
420 419 421
420 421 422
422 423 420
422 424 423
425 424 422
424 425 426
424 426 427
427 428 424
424 428 429
429 423 424
430 423 429
430 417 431
423 430 431
431 417 432
433 423 431
433 431 416
434 435 436
434 436 437
438 437 436
437 438 439
440 439 438
439 440 441
441 442 439
442 443 439
439 443 444
444 445 439
439 445 446
447 446 445
445 448 447
448 449 447
450 449 448
451 449 450
450 452 451
453 451 452
452 454 453
455 453 454
443 442 456
443 456 457
457 456 458
458 456 459
456 460 459
459 460 461
462 459 461
459 462 463
463 464 459
465 464 463
463 466 465
467 465 466
466 468 467
469 467 468
468 470 469
471 469 470
470 472 471
473 471 472
472 474 473
473 474 475
467 476 465
467 477 476
478 477 467
479 477 478
478 480 479
481 479 480
482 483 484
485 482 484
484 486 485
487 485 486
486 488 487
489 487 488
488 490 489
267 491 492
491 267 493
273 267 492
273 492 494
273 494 495
271 273 495
271 495 276
495 313 276
313 495 314
495 496 314
314 496 316
492 497 494
492 498 497
492 499 498
498 500 497
326 500 498
328 326 498
500 326 323
323 321 500
497 500 321
321 317 497
501 502 503
504 505 506
507 506 505
506 507 508
509 508 507
508 509 510
511 510 509
512 513 514
514 515 512
515 514 153
153 516 515
517 512 515
518 516 517
519 514 513
519 153 514
519 520 153
109 520 519
520 151 153
521 151 520
151 521 144
144 521 143
522 521 520
143 521 522
522 520 109
111 143 522
519 107 109
513 107 519
522 110 111
109 110 522
523 524 525
526 525 524
527 526 524
528 526 527
527 529 528
528 529 530
531 530 529
530 532 533
533 534 530
534 533 535
535 536 534
536 535 537
537 538 536
539 538 537
538 539 540
540 539 541
542 461 543
461 544 543
543 544 545
545 544 546
546 544 547
547 544 548
548 544 549
549 544 550
550 544 551
550 551 552
461 553 544
554 553 461
552 551 555
552 555 556
556 555 557
557 558 556
559 558 557
557 560 559
561 559 560
561 562 559
563 562 561
562 563 564
564 563 565
566 555 567
566 567 568
566 568 569
569 570 566
571 566 570
570 572 571
570 569 573
573 569 574
572 575 571
575 572 576
575 576 577
577 578 575
578 579 575
579 580 575
581 579 578
578 582 581
583 581 582
582 584 583
575 580 585
585 571 575
555 571 585
571 555 566
586 583 587
586 588 583
587 589 590
591 590 589
591 588 590
587 592 589
592 587 593
593 594 592
594 593 595
595 577 594
596 597 598
599 597 596
600 597 599
600 599 601
601 602 600
596 598 603
603 604 596
596 604 601
601 605 596
601 604 606
602 601 606
606 604 607
607 604 603
607 608 606
608 607 609
609 610 608
610 609 206
602 606 611
611 606 608
612 607 603
607 612 609
611 608 613
613 608 610
207 609 612
206 609 207
610 614 613
206 200 610
200 615 610
610 615 614
207 616 208
211 208 616
211 616 214
214 616 617
617 616 207
617 216 214
199 618 200
619 620 621
622 621 620
621 622 623
622 624 623
624 625 623
625 624 626
626 627 625
625 627 628
628 629 625
623 625 629
629 630 623
627 626 631
631 632 627
628 627 632
632 631 633
633 634 632
634 633 635
635 636 634
637 630 629
629 638 637
629 628 638
639 638 628
630 637 640
640 641 630
642 641 640
642 643 641
643 642 644
641 643 645
644 645 643
645 646 641
647 634 636
647 636 648
649 634 647
649 632 634
632 649 628
639 628 649
649 650 639
650 649 647
651 650 647
651 647 648
648 652 651
653 654 646
646 623 653
655 656 657
655 658 656
659 658 655
655 660 659
659 660 661
659 661 662
663 664 656
663 665 664
665 666 664
667 664 666
664 667 668
665 669 666
668 667 670
670 671 668
671 670 672
672 661 671
672 670 673
670 674 673
670 675 674
675 676 674
677 676 675
677 678 676
669 679 677
677 679 678
665 680 681
681 680 679
680 682 663
64 66 683
683 684 64
685 683 66
66 68 685
70 685 68
70 73 685
64 684 60
61 60 684
567 544 568
686 687 688
687 686 689
690 689 691
689 690 692
688 693 691
693 688 694
695 691 693
696 692 695
692 696 697
693 698 695
699 695 698
695 699 696
699 698 700
700 701 699
702 696 699
702 699 703
703 704 702
705 702 704
704 706 705
696 702 707
705 707 702
707 697 708
697 707 709
707 705 710
710 709 711
709 710 712
705 706 713
713 710 705
706 714 713
713 714 715
714 716 715
710 713 717
717 713 715
717 712 718
712 717 719
715 716 720
721 720 716
722 715 720
717 715 722
722 723 717
722 724 723
725 724 722
722 720 725
725 726 724
727 724 726
724 727 728
723 724 728
729 728 727
728 729 730
723 728 730
726 725 731
731 725 732
731 732 733
730 734 723
735 734 730
734 735 736
736 735 737
737 738 736
739 738 737
740 738 739
740 739 741
741 742 740
743 742 741
744 742 743
743 745 744
743 746 745
747 745 746
745 748 744
748 749 744
750 749 748
749 750 687
694 750 748
748 751 694
751 752 694
753 694 752
754 694 753
753 755 754
751 748 756
757 756 748
757 748 745
758 756 757
759 758 757
760 693 755
755 761 760
752 762 763
762 764 763
763 764 765
757 766 767
759 766 768
759 768 769
757 745 766
768 766 747
745 747 766
770 771 772
772 773 770
774 770 773
773 775 774
776 774 775
774 776 777
778 772 771
778 771 779
780 772 778
772 781 773
781 772 780
782 773 781
781 783 782
784 782 783
783 785 784
786 784 785
786 785 787
788 786 787
787 789 788
789 790 788
791 790 789
791 792 790
793 792 791
794 792 793
795 794 793
796 797 794
796 798 797
798 799 797
797 799 800
799 801 800
800 801 802
801 803 802
804 802 803
803 805 804
804 805 806
805 807 806
808 806 807
806 808 776
809 798 796
810 809 796
811 809 810
812 811 810
812 810 813
814 812 813
813 810 815
810 816 815
815 816 817
817 816 794
794 816 796
816 818 796
819 811 820
819 820 821
822 820 814
823 822 814
824 819 821
825 824 821
825 821 823
825 823 826
827 828 829
827 830 828
830 831 828
830 832 831
832 830 833
833 834 832
834 833 835
836 835 833
833 837 836
837 833 830
830 827 837
835 838 834
838 839 834
839 838 840
841 839 840
842 841 840
843 841 842
842 844 843
841 843 845
831 832 845
845 846 841
841 846 839
832 846 845
834 839 846
846 832 834
835 836 847
847 848 835
848 838 835
849 848 847
844 842 850
844 850 851
852 851 850
850 853 852
854 852 853
853 855 854
850 842 856
842 840 856
857 854 855
855 858 857
859 857 858
858 860 859
861 859 860
860 862 861
862 860 863
863 864 862
860 865 863
860 858 865
863 865 866
866 867 863
864 863 867
868 867 866
869 868 866
869 866 870
869 870 871
866 865 872
866 872 870
872 865 858
858 855 872
873 872 855
870 872 873
855 853 873
850 873 853
850 856 873
874 867 868
875 874 868
875 868 876
876 868 869
877 874 875
877 878 874
874 879 867
878 879 874
867 879 864
871 870 880
873 856 880
880 881 871
880 882 881
880 856 882
856 840 882
840 838 882
882 838 848
881 882 848
881 883 871
884 871 883
884 869 871
884 876 869
885 876 884
885 884 886
887 886 884
887 884 883
883 881 849
887 883 849
849 881 888
889 876 885
889 875 876
890 875 889
890 877 875
891 877 890
891 892 877
892 878 877
892 893 878
894 893 892
894 895 893
893 896 878
878 896 879
893 897 896
895 897 893
898 895 894
898 899 895
900 899 898
901 900 898
901 898 902
902 898 894
900 903 899
895 904 897
899 904 895
899 905 904
905 906 904
906 907 904
904 907 897
902 894 908
894 892 908
909 902 908
909 908 910
908 892 891
908 891 910
911 902 909
911 912 902
913 910 891
891 914 913
915 914 891
891 890 915
910 913 916
916 909 910
915 890 889
915 889 917
889 885 917
917 918 915
919 915 918
918 920 919
918 917 921
885 922 917
917 922 923
924 912 925
926 924 925
925 927 926
928 924 926
924 928 929
929 930 924
924 930 912
929 931 930
931 929 932
932 933 931
934 933 932
933 934 935
935 934 936
936 937 935
937 936 938
938 939 937
940 939 938
939 940 941
942 938 936
936 943 942
944 940 938
938 945 944
943 946 934
934 947 943
947 934 932
948 941 940
941 948 949
940 950 948
950 940 951
952 949 948
953 948 950
948 953 952
950 954 953
955 953 954
954 956 955
957 952 953
953 955 957
957 958 952
932 959 947
959 932 929
929 960 959
961 959 960
960 962 961
963 961 962
963 964 961
965 964 963
963 966 965
963 967 966
962 967 963
964 965 968
968 965 969
969 970 968
965 971 969
965 972 971
973 970 969
969 974 973
974 969 975
975 976 974
976 977 974
974 977 973
962 978 967
979 980 978
979 978 962
929 980 979
980 929 928
928 981 980
926 981 928
981 926 982
983 982 926
982 983 984
985 984 983
984 985 986
987 986 985
986 987 988
989 988 987
988 989 990
990 989 991
991 992 990
993 992 991
991 919 993
981 982 994
995 981 994
996 981 995
997 992 998
998 999 997
993 1000 1001
1001 1002 993
1001 1000 1003
1000 921 1003
994 1004 1005
1004 1006 1005
1007 1005 1006
1006 1008 1007
1007 1008 1009
1008 1010 1009
1011 1009 1010
1010 990 1011
998 1012 920
920 1013 998
870 873 880
1014 1015 828
829 828 1015
1014 828 831
831 1016 1014
1017 1014 1016
1016 1018 1017
1019 1017 1018
1017 1019 1020
1020 1021 1017
1021 1015 1014
1014 1017 1021
1018 1022 1019
1022 1018 1023
1024 1022 1023
1025 1024 1023
1026 1024 1025
1026 1025 843
843 844 1026
845 843 1025
831 845 1016
1025 1027 845
1025 1023 1027
1016 845 1027
1018 1016 1027
1027 1023 1018
1028 1020 1019
1019 1029 1028
1029 1019 1022
1026 844 1030
844 851 1030
1030 851 852
852 1031 1030
1031 852 854
854 1032 1031
1030 1033 1026
1026 1033 1024
1032 854 857
857 1034 1032
1034 857 859
859 1035 1034
1035 859 861
861 1036 1035
1037 1035 1036
1036 1038 1037
1035 1037 1039
1039 1034 1035
1040 1039 1037
1037 1041 1040
1041 1037 1038
1042 1040 1041
1043 1040 1042
1043 1044 1040
1043 1045 1044
1040 1044 1046
1040 1046 1039
1034 1039 1046
1046 1032 1034
1032 1046 1047
1044 1047 1046
1047 1031 1032
1030 1031 1047
1047 1033 1030
1042 1041 1048
1049 1048 1041
1038 1049 1041
1045 1050 1044
1033 1047 1050
1044 1050 1047
1050 1045 1051
1050 1051 1052
1050 1052 1033
1033 1052 1024
1024 1052 1022
1052 1029 1022
1051 1053 1052
1054 1053 1051
1054 1028 1053
1055 1054 1051
1056 1054 1055
1051 1045 1055
1057 1055 1045
1056 1055 1057
1057 1045 1043
1057 1043 1058
1059 1057 1058
1058 1043 1042
1056 1057 1060
1058 1061 1059
1058 1042 1062
1048 1062 1042
1062 1048 1063
1064 1063 1048
1048 1049 1064
1065 1064 1049
1049 1038 1065
1066 1063 1064
1066 1064 1067
1067 1064 1065
1066 1067 1068
1069 1068 1067
1068 1070 1066
1071 1066 1070
1071 1063 1066
1072 1071 1070
1072 1073 1071
1073 1072 1074
1073 1074 1075
1075 1076 1073
1077 1074 1072
1078 1071 1073
1073 1076 1078
1079 1074 1077
1077 1080 1079
1081 1072 1070
1082 1081 1070
1070 1068 1082
1083 1082 1068
1084 1082 1083
1083 1085 1084
1086 1075 1074
1074 1079 1086
1071 1078 1063
1087 1063 1078
1075 1088 1076
1088 1075 1086
1089 1076 1088
1089 1088 1090
1090 1091 1089
1092 1086 1079
1079 1093 1092
1093 1079 1094
1094 1095 1093
1086 1096 1088
1096 1086 1092
1097 1092 1093
1093 1098 1097
1099 1098 1093
1093 1100 1099
1101 1090 1088
1088 1096 1101
1102 1092 1097
1097 1103 1102
1092 1104 1096
1096 1104 1105
1105 1106 1096
1107 1105 1102
1102 1103 1107
1097 1098 1108
1103 1097 1108
1109 1108 1098
1098 1110 1109
1109 1110 1111
1111 1112 1109
1112 1111 1113
1114 1113 1111
1115 1114 1111
1111 1116 1115
1112 1113 1117
1118 1117 1113
1119 1118 1113
1120 1119 1113
1113 1121 1120
1122 1120 1121
1121 1115 1122
1123 1118 1119
1119 1124 1123
1123 1124 1125
1126 1125 1124
1127 1126 1124
1128 1126 1127
1125 1126 1128
1127 1129 1128
1130 1128 1129
1129 1131 1130
1127 1124 1132
1133 1128 1130
1130 1134 1133
1128 1135 1125
1130 1131 1136
1136 1131 1137
1137 1131 1138
1139 1138 1131
1138 1139 1140
1141 1140 1139
1140 1141 1132
1132 1142 1140
1137 1143 1136
1136 1143 1144
1145 1136 1144
1136 1145 1130
1134 1130 1145
1144 1146 1145
1147 1144 1143
1148 1145 1146
1145 1148 1134
1146 1149 1148
1150 1144 1147
1144 1150 1151
1146 1144 1151
1146 1151 1152
1153 1149 1146
1146 1154 1153
1151 1155 1154
1154 1155 1153
1155 1156 1157
1142 1158 1159
1158 1119 1159
1158 1124 1119
1159 1122 1142
1160 1161 1162
1163 1162 1161
1161 1160 1164
1165 1164 1160
1166 1162 1163
1163 1167 1166
1168 1166 1167
1167 1169 1168
1170 1168 1169
1169 1171 1170
1172 1170 1171
1171 1173 1172
1174 1172 1173
1173 1175 1174
1174 1175 1176
1177 1164 1165
1165 1178 1177
1179 1177 1178
1178 1180 1179
1181 1179 1180
1180 1182 1181
1179 1181 1183
1181 1182 1184
1185 1186 1187
1187 1188 1185
1189 1185 1188
1188 1190 1189
1188 1187 1191
1191 1192 1188
1193 1190 1188
1188 1192 1193
1192 1191 1194
1192 1194 1195
1195 1196 1192
1191 1197 1194
1194 1197 1198
1194 1198 1199
1199 1200 1194
1201 1198 1197
1202 1198 1201
1198 1202 1203
1198 1203 1204
1204 1205 1198
1206 1203 1202
1206 1207 1203
1208 1209 1210
1210 1211 1208
1211 1212 1208
1213 1208 1212
1211 1214 1215
1215 1216 1211
1216 1217 1211
1211 1217 1218
1219 1220 1217
1221 1220 1219
1219 1215 1222
1222 1221 1219
1221 1222 1223
1220 1221 1223
1224 1208 1225
1225 1226 1224
1227 1225 1208
1208 1228 1227
1225 1229 1230
1230 1231 1225
1232 1233 1231
1231 1234 1232
1235 1236 1237
1235 1238 1236
1239 1237 1236
1239 1240 1237
1240 1239 1241
1241 1242 1240
1243 1242 1241
1244 1243 1241
1245 1239 1236
1246 1239 1245
1247 1244 1246
1247 1246 1245
1248 1244 1247
1248 1249 1244
1249 1250 1244
1250 1251 1244
1252 1249 1248
1253 1247 1245
1248 1247 1253
1245 1254 1253
1255 1250 1249
1255 1249 1252
1250 1255 1256
1252 1257 1255
1258 1255 1257
1257 1259 1258
1259 1260 1258
1261 1260 1259
1253 1262 1248
1252 1248 1262
1262 1263 1252
1262 1264 1263
1264 1262 1265
1253 1265 1262
1254 1266 1253
1265 1253 1266
1266 1254 1267
1268 1266 1267
1267 1269 1268
1270 1266 1268
1271 1270 1268
1268 1272 1271
1269 1272 1268
1266 1270 1273
1274 1269 1267
1269 1274 1275
1267 1276 1274
1276 1267 1254
1276 1254 1245
1245 1277 1276
1236 1277 1245
1277 1236 1238
1238 1278 1277
1277 1278 1279
1279 1276 1277
1279 1278 1280
1281 1280 1278
1282 1281 1238
1238 1235 1282
1278 1283 1281
1284 1281 1282
1280 1281 1284
1285 1284 1282
1282 1286 1285
1083 1285 1286
1285 1083 1068
1068 1069 1285
1286 1085 1083
1286 1282 1287
1085 1286 1288
1287 1288 1286
1288 1287 1289
1289 1290 1288
1289 1291 1290
1292 1290 1291
1293 1291 1289
1294 1291 1293
1290 1295 1288
1295 1296 1288
1288 1296 1085
1296 1297 1085
1084 1085 1297
1295 1298 1296
1297 1296 1298
1299 1298 1295
1295 1300 1299
1301 1300 1295
1302 1295 1290
1303 1300 1302
1304 1303 1302
1304 1305 1303
1306 1305 1304
1306 1307 1305
1308 1307 1306
1308 1309 1307
1310 1309 1308
1311 1303 1305
1311 1312 1303
1303 1312 1300
1307 1309 1313
1313 1314 1307
1314 1311 1305
1305 1307 1314
1306 1304 1315
1315 1316 1306
1308 1306 1316
1310 1308 1317
1316 1317 1308
1318 1310 1317
1319 1310 1318
1310 1319 1320
1321 1316 1315
1315 1322 1321
1320 1323 1310
1310 1323 1309
1324 1313 1309
1309 1323 1324
1319 1318 1325
1323 1320 1326
1326 1327 1323
1324 1323 1327
1328 1319 1325
1291 1315 1329
1315 1304 1329
1329 1304 1302
1330 1331 1332
1333 1330 1332
1334 1330 1333
1330 1334 1335
1336 1335 1334
1337 1335 1336
1336 1334 1338
1339 1336 1338
1337 1336 1340
1340 1336 1339
1340 1341 1337
1341 1340 1342
1342 1343 1341
1343 1342 1344
1344 1345 1343
1345 1344 1346
1346 1347 1345
1348 1340 1339
1342 1340 1348
1346 1344 1349
1350 1346 1349
1351 1346 1350
1351 1350 1352
1349 1344 1353
1344 1342 1353
1353 1342 1348
1354 1346 1351
1351 1355 1354
1355 1351 1356
1356 1351 1357
1358 1356 1357
1356 1359 1355
1360 1356 1358
1361 1360 1358
1362 1363 1364
1364 1365 1362
1366 1364 1363
1363 1367 1366
1368 1362 1365
1369 1368 1365
1368 1369 1370
1370 1371 1368
1371 1370 1372
1372 1373 1371
1373 1372 1374
1374 1375 1373
1376 1375 1374
1374 1377 1376
1378 1376 1377
1379 1378 1377
1378 1379 1380
1381 1380 1379
1377 1382 1379
1377 1374 1383
1383 1382 1377
1383 1374 1372
1375 1384 1373
1373 1384 1385
1385 1384 1386
1385 1386 1387
1387 1386 1388
1387 1388 1389
1389 1388 1390
1389 1390 1391
1390 1392 1391
1392 1393 1391
1392 1394 1393
1395 1393 1394
1394 1396 1395
1397 1398 1399
1398 1397 1400
1401 1400 1397
1397 1402 1401
1400 1403 1398
1404 1398 1403
1398 1404 1405
1403 1400 1406
1401 1406 1400
1406 1401 1407
1408 1401 1402
1401 1408 1409
1409 1407 1401
1407 1409 1410
1399 1411 1397
1411 1412 1397
1410 1409 1413
1413 1414 1410
1414 1413 900
1414 900 1415
1409 1416 1413
1409 1408 1416
903 1413 1416
1413 903 900
1416 1417 903
899 903 1417
899 1417 1418
1418 905 899
905 1418 1419
1419 1420 905
1417 1416 1421
1422 1421 1416
1422 1423 1421
1424 1423 1422
1424 1425 1423
1426 1425 1424
1426 1427 1425
1428 1418 1417
1417 1421 1428
1428 1421 1423
1428 1429 1418
1429 1430 1418
1431 1429 1428
1432 1431 1428
1423 1432 1428
1433 1423 1425
1425 1434 1433
1433 1434 1435
1435 1436 1433
1437 1427 1438
1437 1439 1427
1440 1439 1437
1440 1441 1439
1442 1439 1441
1441 1443 1442
1444 1443 1441
1445 1444 1441
1441 1440 1445
1443 1444 1446
1447 1444 1445
1447 1448 1444
1444 1448 1449
1449 1446 1444
1448 1450 1449
1448 1447 1450
1451 1450 1447
1452 1442 1443
1443 1453 1452
1453 1446 1454
1449 1454 1446
1446 1453 1455
1456 1457 1452
1457 1456 1458
1458 1439 1457
1439 1458 1427
1459 1460 1461
1462 1459 1461
1461 1460 1463
1460 1464 1463
1465 1463 1464
1466 1467 1468
1468 1467 1469
1467 1466 1470
1470 1471 1467
1472 1471 1470
1470 1473 1472
1472 1473 1474
1475 1474 1473
1474 1475 1476
1477 1476 1475
1476 1477 1478
1478 1479 1476
1468 1469 1480
1481 1480 1469
1480 1481 1482
1483 1482 1481
1482 1483 1484
1484 1485 1482
1486 1487 1488
1488 1489 1490
1490 1491 1488
1492 1491 1490
1491 1492 1493
1494 1495 1492
1495 1494 1496
1494 1497 1498
1498 1497 1499
1497 1500 1499
1499 1500 1501
1502 1503 1500
1503 1502 1504
1505 1506 1502
1506 1505 1507
1507 1505 1508
1508 1509 1507
1510 1509 1508
1508 1511 1510
1511 1508 1512
1513 1512 1508
1508 1514 1513
1513 1514 1515
1516 1515 1514
1517 1515 1516
1518 1517 1516
1519 1517 1518
1518 1520 1519
1519 1520 1521
1521 1522 1519
1523 1522 1521
1524 1523 1521
1523 1524 1525
1526 1525 1524
1527 1525 1526
1526 1528 1527
1529 1527 1528
1528 1530 1529
1531 1532 1529
1533 1534 1535
1534 1536 1535
1534 1533 1537
1533 1535 1538
1538 1539 1533
1540 1533 1539
1538 1535 1541
1535 1536 1541
1542 1541 1536
1538 1541 1543
1543 1544 1538
1544 1545 1538
1538 1545 1546
1544 1543 1547
1547 1548 1544
1548 1547 1549
1548 1549 1550
1550 1551 1548
1544 1548 1551
1549 1547 1552
1549 1552 1553
1553 1552 1554
1552 1555 1554
1552 1556 1555
1553 1554 1557
1554 1558 1557
1559 1558 1554
1554 1555 1559
1557 1558 1117
1560 1117 1558
1117 1560 1112
1547 1561 1552
1561 1556 1552
1562 1560 1558
1558 1559 1562
1563 1112 1560
1112 1563 1109
1563 1108 1109
1563 1560 1564
1564 1565 1563
1563 1565 1108
1565 1566 1108
1567 1566 1565
1568 1566 1567
1568 1567 1569
1567 1570 1569
1570 1567 1565
1571 1569 1570
1572 1569 1571
1571 1573 1572
1574 1572 1573
1573 1575 1574
1576 1574 1575
1575 1577 1576
1577 1578 1576
1574 1579 1572
1579 1574 1580
1576 1580 1574
1580 1576 1581
1578 1581 1576
1582 1569 1572
1572 1579 1582
1569 1582 1568
1583 1566 1568
1584 1566 1583
1583 1585 1584
1584 1585 1103
1108 1584 1103
1566 1584 1108
1107 1103 1585
1586 1587 1588
1589 1586 1588
1590 1586 1589
1589 1591 1590
1590 1591 1592
1590 1592 1593
1594 1593 1592
1595 1596 1597
1597 1598 1595
1596 1595 1599
1599 1600 1596
1601 1598 1597
1597 1602 1601
1603 1601 1602
1602 1604 1603
1605 1603 1604
1604 1606 1605
1607 1603 1605
1608 1609 1610
1609 1608 1611
1611 1612 1609
1612 1611 1613
1613 1614 1612
1614 1613 1615
1613 1616 1615
1617 1615 1616
1616 1618 1617
1619 1617 1618
1618 1509 1619
1509 1620 1621
1510 1620 1509
1620 1510 1622
1620 1622 1623
1624 1623 1622
1623 1624 1625
1626 1625 1624
1625 1626 1627
1627 1626 1628
1627 1628 1629
1626 1630 1628
1626 1631 1630
1624 1631 1626
1632 1630 1631
1631 1633 1632
1634 1633 1631
1631 1624 1634
1622 1634 1624
1634 1635 1633
1635 1634 1636
1634 1637 1636
1634 1622 1637
1638 1636 1637
1637 1511 1638
1512 1638 1511
1639 1630 1632
1639 1632 1640
1641 1640 1632
1632 1642 1641
1640 1643 1639
1643 1640 1644
1644 1645 1643
1646 1641 1642
1642 1647 1646
1648 1646 1647
1647 1649 1648
1650 1648 1649
1650 1651 1648
1652 1651 1650
1651 1652 1653
1654 1651 1653
1648 1651 1654
1653 1655 1654
1656 1655 1653
1653 1657 1656
1657 1653 1658
1656 1657 1659
1659 1660 1656
1661 1660 1659
1660 1661 1662
1660 1663 1656
1655 1656 1663
1662 1664 1660
1663 1660 1664
1664 1662 1665
1661 1666 1662
1666 1667 1662
1667 1665 1662
1665 1667 1668
1669 1667 1666
1669 1668 1667
1668 1669 1670
1671 1672 1673
1673 1674 1675
1675 1676 1673
1675 1677 1678
1678 1677 1679
1679 1677 1680
1679 1680 1681
1681 1682 1683
1681 1684 1682
1683 1682 1685
1683 1685 1686
1686 1685 1687
1687 1688 1686
1688 1687 1689
1689 1690 1688
1690 1691 1688
1692 1693 1694
1694 1695 1692
1694 1693 1696
1696 1697 1694
1698 1697 1696
1696 1699 1698
1700 1698 1699
1699 1701 1700
1702 1700 1701
1701 1703 1702
1702 1703 1704
1704 1705 1702
1705 1704 1706
1706 1707 1705
1708 1702 1705
1705 1709 1708
1710 1700 1702
1702 1708 1710
1698 1700 1711
1711 1712 1698
1697 1698 1712
1713 1697 1712
1694 1697 1713
1713 1714 1694
1695 1694 1714
1715 1695 1714
1709 1705 1716
1707 1716 1705
1717 1695 1715
1692 1695 1717
1717 1718 1692
1715 1719 1717
1718 1717 1720
1720 1717 1719
1720 1721 1718
1722 1720 1719
1723 1716 1707
1707 1724 1723
1723 1724 1725
1726 1725 1724
1726 1724 1706
1707 1706 1724
1727 1728 1729
1729 1730 1727
1730 1731 1727
1731 1730 1732
1729 1728 1733
1733 1734 1729
1730 1729 1735
1729 1734 1735
1735 1736 1730
1732 1730 1736
1737 1735 1734
1738 1735 1737
1736 1735 1738
1737 1739 1738
1736 1740 1732
1740 1736 1741
1738 1741 1736
1741 1742 1740
1738 1739 1743
1741 1738 1743
1739 1744 1743
1743 1745 1741
1742 1741 1745
1742 1745 1746
1747 1748 1749
1749 1750 1747
1747 1751 1748
1751 1747 1752
1750 1753 1754
1750 1728 1753
1755 1754 1753
1753 1756 1755
1728 1750 1757
1757 1758 1728
1759 1760 1749
1761 1760 1759
1762 1761 1759
1759 1763 1762
1761 1764 1760
1765 1764 1761
1766 1765 1761
1761 1762 1766
1760 1764 1767
1767 1768 1760
1749 1760 1768
1768 1769 1749
1749 1769 1770
1771 1770 1769
1772 1767 1764
1764 1773 1772
1773 1764 1765
1765 1774 1773
1765 1775 1774
1775 1765 1766
1776 1772 1773
1777 1776 1773
1778 1777 1775
1777 1778 1779
1779 1776 1777
1780 1781 1776
1781 1780 1778
1782 1783 1784
1782 1255 1783
1783 1260 1784
1785 1786 1787
1787 1788 1785
1788 1787 1789
1788 1789 1790
1790 1791 1788
1791 1790 1792
1793 1794 1786
1793 1795 1794
1789 1794 1795
1796 1795 1793
1795 1796 1797
1797 1796 1798
1798 1799 1797
1795 1800 1789
1800 1795 1797
1800 1797 1801
1800 1801 1802
1803 1800 1802
1803 1792 1804
1800 1803 1804
1804 1789 1800
1792 1803 1805
1802 1806 1805
1805 1807 1802
1802 1801 1808
1802 1808 1809
1810 1809 1808
1809 1810 1811
1812 1811 1810
1811 1812 1404
1799 1813 1810
1814 1810 1813
1810 1814 1405
1815 1405 1814
1405 1815 1398
1411 1815 1814
1814 1816 1411
1810 1808 1817
1801 1817 1808
1801 1797 1817
1818 1819 1816
1816 1820 1818
1799 1819 1818
1819 1799 1821
1822 1823 1824
1824 1366 1822
1824 1823 1825
1826 1825 1823
1825 1826 1827
1827 1828 1825
1829 1828 1827
1828 1829 1830
1831 1828 1830
1828 1831 1832
1832 1833 1828
1830 1834 1831
1830 1829 1835
1835 1829 1836
1836 1837 1835
1838 1835 1837
1837 1839 1838
1838 1839 1840
1840 1839 1841
1842 1838 1840
1843 1831 1834
1834 1844 1843
1845 1838 1842
1842 1846 1845
1847 1844 1834
1834 1848 1847
1830 1848 1834
1835 1848 1830
1849 1847 1848
1845 1850 1849
1851 1850 1842
1852 1853 1840
1851 1853 1852
1852 1854 1855
1854 1856 1855
1852 1857 1854
1857 1858 1854
1859 1858 1860
1861 1862 1848
1848 1835 1861
1863 1862 1849
1864 717 723
723 734 1864
1865 1864 734
1866 1865 734
1867 1865 1866
1868 1867 1866
1869 1867 1868
740 1869 1868
1870 1871 1869
742 1871 1870
1871 742 1872
744 1872 742
1872 744 749
1873 1874 1875
1875 1876 1873
1873 1876 1877
1873 1877 1878
1877 1879 1878
1880 1878 1879
1880 1881 1878
1882 1878 1881
1882 1873 1878
1883 1884 1881
1884 1883 1885
1883 1881 1886
1881 1887 1886
1888 1887 1881
1889 1887 1888
1890 1889 1888
1891 1884 1885
1885 1892 1891
1892 1893 1891
1892 1894 1893
1895 1893 1894
1894 1896 1895
1896 1897 1895
1897 1896 1898
1898 1899 1897
1900 1897 1899
1900 1901 1897
1901 1895 1897
1629 1901 1900
1629 1628 1901
1899 1898 1902
1901 1903 1895
1628 1903 1901
1628 1630 1903
1630 1639 1903
1904 1893 1639
1905 1903 1639
1639 1906 1905
1907 1908 1896
1902 1908 1907
1909 1648 1654
1646 1648 1909
1909 1910 1646
1641 1646 1910
1910 1911 1641
1640 1641 1911
1911 1644 1640
1912 1913 1914
1915 1912 1916
1915 1916 1917
1917 1916 1918
1919 1917 1918
1918 1920 1919
1919 1921 1922
725 720 1923
1923 732 725
720 721 1923
721 1924 1923
1925 732 1923
732 1925 1926
1926 1925 1927
733 732 1926
733 1926 1928
1928 1926 1927
1928 1927 1929
1930 1931 1927
1932 1883 1933
1934 1935 1932
1936 1935 1934
1936 1934 1937
1936 1937 1938
1938 1939 1936
1939 1938 1940
1110 1098 1941
1942 1943 1944
1945 1946 1947
1946 1945 1948
1948 1945 1949
1950 1951 1952
1953 1952 1951
1951 1954 1953
1955 1953 1954
1954 1956 1955
1957 1955 1956
1956 1958 1957
1959 1958 1960
1961 1960 1958
1960 1962 1963
1964 1963 1962
1965 1963 1966
1966 1967 1965
1966 1963 1968
1963 1969 1968
1970 1968 1969
1971 1970 1969
1971 1969 1972
1973 1970 1971
1971 1974 1973
1975 1973 1974
1974 1836 1975
1976 1972 1969
1963 1976 1969
1972 1977 1978
1978 1977 1979
1977 1980 1979
1980 1981 1982
1982 1983 1980
1984 1982 1981
1981 1985 1984
1984 1985 1986
1985 1987 1986
1988 1986 1987
1987 1989 1988
1990 1988 1991
1991 1992 1990
1990 1993 1994
1994 1995 1990
1995 1994 1996
1997 1998 1999
1999 2000 1997
2001 1999 1998
1998 2002 2001
2003 2001 2002
2004 2003 2002
2005 1997 2000
2000 2006 2005
2007 2005 2006
2006 2008 2007
2009 2007 2008
2008 2010 2009
2009 2010 2011
2012 2011 2010
2013 923 2014
1551 2015 1544
1543 2016 1561
2016 1543 2017
2017 1542 2016
1561 1547 1543
2018 2019 2020
2020 2021 2018
2021 2020 2022
2022 2023 2021
2023 2022 2024
2024 2025 2023
2025 2024 2026
2026 2027 2025
2028 2027 2026
2026 2029 2028
2029 2030 2028
2030 2031 2028
2032 2033 2034
2035 2034 2033
2036 2032 2034
2034 2037 2036
2035 2038 2034
2037 2034 2038
2039 2038 2035
2038 2040 2037
2038 2039 2041
2042 2038 2041
2041 2043 2042
2043 2041 2044
2041 2045 2044
2046 2044 2045
2044 2047 2043
2044 2046 2048
2047 2044 2048
2049 2048 2046
2048 2050 2047
2051 2041 2039
2052 2050 2048
2048 2049 2052
2050 2052 2053
2054 2052 2049
1065 1038 2055
2055 1038 1036
2055 1036 2056
2056 1036 861
2056 861 862
2056 862 2057
2057 862 864
2057 864 2058
2058 864 879
879 896 2058
2059 1065 2055
2059 1067 1065
1069 1067 2059
2060 1069 2059
2055 2061 2059
2061 2055 2056
2062 2060 2059
2059 2061 2062
1285 1069 2060
1284 1285 2060
2063 1284 2060
2060 2062 2063
1284 2063 1280
2064 1280 2063
1280 2064 1279
2064 2065 1279
2066 2065 2064
1276 1279 2066
2066 1274 1276
2066 2067 1274
2067 1275 1274
1275 2067 2068
2069 2067 2066
2066 2064 2069
2070 2069 2064
2064 2071 2070
2063 2071 2064
2071 2063 2062
2062 2072 2071
2072 2062 2061
2061 2073 2072
2056 2073 2061
2073 2056 2057
2074 2073 2057
2072 2073 2074
2057 2058 2074
2074 2058 2075
2075 2058 896
897 2075 896
907 2075 897
2076 2074 2075
2071 2072 2076
2076 2070 2071
2074 2076 2072
2075 2077 2076
2078 2076 2077
2078 2077 2079
2075 2079 2080
2079 906 2078
2078 2070 2076
2081 2070 2078
2081 2069 2070
2068 2069 2081
2068 2082 2069
1510 1637 1622
1510 2083 1637
2084 1300 1312
2085 1078 1076
1087 1078 2085
2085 2086 1087
1076 1089 2085
2087 2085 1089
2086 2085 2087
1091 2087 1089
2088 2087 1091
1087 2086 2089
2089 1062 1087
1063 1087 1062
2087 2088 2090
2090 2091 2087
2089 2086 2091
2087 2091 2086
2091 2092 2089
2092 2091 2090
1058 1062 2089
2089 1061 1058
2089 2092 1061
1061 2092 2093
2092 2094 2093
2092 2095 2094
2090 2095 2092
909 916 2096
2096 911 909
2097 2098 2099
2100 2101 2036
2032 2036 2101
2101 2102 2032
2033 2032 2102
2103 2104 2105
2105 2106 2103
2107 2108 2109
2110 2107 2111
2107 2112 2111
2113 2114 2115
2115 2116 2113
2113 2117 2114
2118 2119 2120
2121 2122 2123
2124 2125 2126
2125 2124 2127
2127 2124 2128
737 2129 2130
2130 739 737
2129 737 735
2129 735 2131
2131 735 730
2131 730 729
741 739 2130
2132 741 2130
743 741 2132
746 743 2132
2133 2134 2135
2135 2136 2133
2136 2135 2137
2137 2138 2136
2137 1259 2138
2138 1259 2139
2139 1259 1257
1259 2137 1261
2139 1257 1252
1252 1263 2139
2140 2139 1263
2140 2136 2138
2138 2139 2140
1263 1264 2140
2140 1264 2141
2136 2140 2142
2142 2143 2136
2141 2144 2140
2142 2140 2144
2145 2146 2144
1265 2147 1264
2147 1265 2148
1270 1271 2147
2144 2149 2150
2151 2150 2149
2150 2151 2133
2151 2134 2133
2152 2153 2154
2155 1890 2156
2157 2156 2158
2156 2159 2158
1881 2159 2156
1882 2160 1645
1645 2161 1882
1645 1891 1643
2160 1893 1643
2162 2163 2164
2163 2162 2165
2162 2166 2165
2166 2167 2165
2163 2165 2168
2165 2169 2168
2165 2167 2169
2168 2169 2170
2169 2171 2170
2167 2172 2169
2173 2171 2169
2169 2172 2173
2174 2171 2173
2171 2174 2175
2176 2171 2175
2164 2177 2162
2177 2164 2178
2177 2178 2179
2179 2180 2177
2180 2179 2181
2181 2182 2180
2182 2181 1833
1833 1832 2182
2183 2182 1832
2182 2183 2180
1832 2184 2183
2184 1832 1831
1831 1843 2184
2180 2185 2177
2183 2185 2180
2185 2186 2177
2177 2186 2162
2186 2166 2162
1332 2187 1333
2187 1332 2188
2189 2190 2187
1334 2190 2189
1334 2189 1338
2191 2192 2193
2193 1806 2191
1809 2192 1802
2194 2195 2196
2197 2198 2199
2200 2201 2202
2202 2203 2200
2204 2200 2203
2203 1425 2204
2205 2206 2207
2206 2208 2207
2209 2205 2207
2205 2209 2210
2209 2211 2210
2212 2210 2211
2213 2214 2215
2215 2216 2213
2217 2213 2216
2216 2218 2217
2218 2219 2217
2218 2220 2219
2221 2222 2223
2223 2224 2221
2225 2223 2222
2222 2226 2225
2225 2227 2223
2228 2223 2227
2224 2223 2228
2227 2225 2229
2230 2229 2225
2225 2226 2230
2227 2229 2231
2231 2232 2227
2233 2227 2232
2224 2233 2234
2233 2235 2234
2232 2235 2233
2232 2236 2235
2236 2232 2237
2237 2238 2236
2238 2239 2236
2240 2236 2239
2236 2240 2235
2241 2235 2240
2239 2242 2240
2240 2242 2243
2240 2243 2241
2244 2245 2246
2247 2244 2246
2246 2248 2247
2249 2250 2251
2249 2251 2252
2251 2253 2252
2253 2251 2254
2254 2255 2253
2256 2255 2254
2251 2250 2257
2257 2254 2251
2254 2257 2258
2254 2258 2256
2259 2257 2250
2260 2257 2259
2259 2261 2260
2250 2262 2259
2262 2250 2263
2264 2262 2263
2264 2265 2262
2265 2264 2266
2266 2267 2265
2265 2267 2268
2268 2269 2265
2269 2262 2265
2269 2268 2270
2270 2261 2269
2271 2269 2261
2262 2269 2271
2272 2273 2274
2272 2274 2275
2273 2276 2274
2277 2278 2279
2277 2279 2280
2280 2281 2277
2282 2283 2284
2282 2284 2285
2285 2286 2282
2287 2288 2289
2289 2288 2290
2287 2291 2288
2289 2290 2292
2292 2293 2289
2291 2287 2294
2294 2295 2291
2296 2295 2294
2296 2294 2297
2297 2298 2296
2298 2297 2299
2300 2298 2299
2301 2300 2299
2299 2302 2301
2303 2301 2302
2303 2304 2301
2304 2303 2305
2305 2306 2304
2307 2308 2309
2308 2307 2310
2310 2307 2311
2309 2308 2312
2312 2313 2309
2310 2311 2314
2311 2315 2314
2316 2314 2315
2316 2317 2314
2317 2316 2318
2318 2319 2317
2320 2319 2318
2320 2321 2319
2321 2322 2319
2321 2323 2322
2321 2324 2323
2325 2323 2324
2324 2326 2325
2327 2328 2329
2329 2330 2327
2331 2327 2330
2330 2332 2331
2333 2329 2328
2328 2334 2333
2335 2331 2332
2332 2336 2335
2337 2335 2336
2336 2338 2337
2339 2337 2338
2338 2340 2339
2341 2339 2340
2340 2342 2341
2343 2341 2342
2342 2344 2343
2345 2343 2344
2344 2346 2345
2347 2345 2348
2348 2349 2347
2350 2351 2352
2350 2353 2351
2351 2354 2352
2354 2355 2352
2350 2356 2353
2356 2357 2353
2357 2356 2358
2359 2357 2358
2358 2360 2359
2360 2361 2359
2360 2362 2361
2362 2363 2361
2362 2364 2363
2364 2365 2363
2366 2365 2364
2365 2366 2367
2368 2369 2370
2370 2371 2368
2372 2373 2374
2374 2375 2372
2376 2377 2378
2378 2379 2376
2377 2376 2380
2381 2379 2378
2378 2382 2381
2380 2383 2377
2380 2384 2383
2385 2383 2384
2385 2386 2383
2386 2385 2387
2387 2388 2386
2389 2388 2387
2388 2389 2390
2388 2390 2391
2392 2391 2390
2393 2392 2390
2394 2392 2393
2393 2395 2394
2396 2397 2398
2398 2399 2396
2399 2400 2396
2397 2401 2398
2397 2402 2401
2399 2403 2400
2400 2403 2404
2405 2404 2403
2405 2403 2406
2406 2407 2405
2407 2406 2408
2409 2407 2408
2410 2409 2408
2410 2408 2411
2410 2411 2412
2412 2413 2410
2413 2412 2414
2414 2415 2413
2416 2417 2418
2418 2419 2416
2417 2416 2420
2420 2421 2417
2419 2418 2422
2422 2423 2419
2421 2420 2424
2424 2425 2421
2425 2424 2426
2426 2427 2425
2427 2426 2428
2428 2429 2427
2429 2428 2430
2430 2431 2429
2431 2430 2432
2432 2433 2431
2433 2432 2434
2434 2435 2433
2436 2434 2437
2437 2438 2436
2439 2440 2441
2442 2441 2440
2442 2443 2441
2443 2442 2444
2440 2439 2445
2445 2439 2446
2445 2446 2447
2447 2446 2448
2447 2448 2449
2449 2448 2450
2449 2450 2451
2451 2450 2452
2451 2452 2453
2453 2452 2454
2453 2454 2455
2456 2455 2454
2457 2458 2459
2459 2460 2457
2461 2462 2463
2463 2462 2464
2465 2466 2467
2467 2468 2465
2465 2468 2469
2468 2470 2469
2466 2465 2471
2471 2472 2466
2472 2471 2473
2473 2474 2472
2474 2473 2475
2475 2476 2474
2465 2469 2477
2477 2471 2465
2471 2477 2478
2471 2478 2479
2479 2478 2480
2480 2481 2479
2476 2475 2482
2482 2483 2476
2481 2480 2484
2484 2485 2481
2486 2487 2488
2488 2489 2486
2489 2488 2490
2490 2491 2489
2491 2490 2492
2492 2493 2491
2493 2492 2494
2494 2495 2493
2495 2494 2496
2496 2497 2495
2498 2499 2500
2500 2501 2498
2499 2498 2502
2499 2502 2503
2502 2498 2504
2498 2505 2504
2501 2505 2498
2504 2505 2506
2505 2507 2506
2508 2506 2507
2507 2509 2508
2501 2510 2505
2511 2505 2510
2510 2512 2511
2513 2511 2512
2512 2514 2513
2515 2508 2509
2509 2516 2515
2517 2513 2514
2517 2514 2518
2519 2520 2521
2521 2500 2519
2522 2521 2520
2520 2523 2522
2524 2522 2523
2523 2525 2524
2526 2524 2525
2525 2527 2526
2528 2526 2527
2527 2529 2528
2530 2531 2532
2532 2531 2533
2532 2533 2534
2535 2532 2534
2532 2535 2536
2530 2532 2537
2536 2537 2532
2538 2539 2540
2541 2540 2539
2539 2542 2541
2543 2541 2542
2542 2544 2543
2543 2544 2545
2543 2545 2546
2547 2546 2545
2548 2547 2545
2549 2546 2547
2547 2550 2549
2549 2550 2551
2552 2549 2551
2549 2552 2553
2546 2549 2554
2553 2554 2549
2554 2553 2555
2555 2556 2554
2556 2555 2557
2557 2558 2556
2558 2557 2559
2560 2547 2548
2550 2547 2560
2561 2560 2548
2562 2553 2552
2563 2553 2562
2562 2564 2563
2565 2563 2564
2566 2563 2565
2567 2566 2565
2567 2568 2566
2564 2562 2569
2569 2562 2570
2552 2570 2562
2570 2552 2551
2551 2571 2570
2572 2569 2570
2570 2571 2572
2569 2572 2573
2573 2574 2569
2574 2573 2575
2575 2576 2574
2574 2576 2577
2577 2578 2574
2579 2578 2577
2579 2580 2578
2581 2580 2579
2581 2582 2580
2581 2583 2582
2584 2577 2576
2584 2576 2575
2580 2585 2578
2574 2578 2585
2584 2575 2586
2586 2575 2587
2575 2573 2587
2586 2587 2588
2585 2569 2574
2588 2587 2589
2589 2587 2590
2587 2573 2590
2590 2573 2572
2572 2591 2590
2592 2590 2591
2590 2592 2589
2591 2593 2592
2594 2591 2572
2572 2571 2594
2595 2593 2591
2591 2594 2595
2592 2593 2596
2593 2597 2596
2593 2595 2597
2596 2598 2592
2599 2598 2596
2596 2600 2599
2596 2597 2600
2601 2600 2597
2597 2602 2601
2600 2601 2603
2604 2603 2601
2605 2603 2604
2604 2606 2605
2606 2607 2605
2603 2605 2608
2609 2604 2601
2609 2606 2604
2607 2610 2605
2611 2608 2605
2610 2612 2605
2613 2612 2610
2610 2614 2613
2614 2610 2607
2614 2607 2615
2616 2603 2608
2603 2616 2600
2600 2616 2617
2618 2617 2616
2618 2616 2619
2618 2619 2620
2619 2611 2620
2599 2600 2617
2621 2614 2615
2615 2622 2621
2623 2622 2615
2622 2623 2624
2614 2621 2625
2625 2626 2614
2627 2618 2620
2620 2628 2627
2629 2617 2618
2618 2627 2629
2599 2617 2629
2629 2630 2599
2599 2630 2598
2631 2598 2630
2592 2598 2631
2631 2589 2592
2632 2630 2629
2625 2621 2633
2633 2634 2625
2629 2627 2635
2635 2627 2628
2635 2636 2629
2629 2636 2632
2628 2637 2635
2635 2637 2638
2635 2638 2639
2639 2636 2635
2636 2639 2640
2640 2632 2636
2641 2589 2631
2588 2589 2641
2631 2642 2641
2632 2640 2643
2643 2644 2632
2630 2632 2644
2644 2631 2630
2633 2621 2645
2621 2622 2645
2645 2622 2646
2622 2624 2646
2647 2646 2624
2624 2648 2647
2624 2649 2648
2623 2649 2624
2647 2648 2650
2649 2623 2651
2651 2623 2615
2651 2652 2649
2653 2652 2651
2609 2653 2651
2606 2609 2651
2609 2654 2653
2654 2609 2601
2655 2652 2653
2653 2595 2655
2656 2655 2595
2595 2594 2656
2656 2594 2551
2551 2550 2656
2550 2657 2656
2656 2657 2655
2560 2657 2550
2571 2551 2594
2597 2595 2653
2655 2658 2652
2657 2658 2655
2658 2649 2652
2650 2658 2657
2657 2560 2650
2650 2560 2561
2659 2650 2561
2648 2649 2658
2658 2650 2648
2650 2659 2647
2660 2661 2662
2662 2663 2660
2664 2663 2662
2663 2664 2665
2666 2665 2664
2665 2666 2667
2667 2666 2668
2668 2669 2667
2670 2669 2668
2669 2670 2671
2672 2660 2673
2673 2674 2672
2673 2675 2676
2677 2678 2679
2677 2679 2680
2677 2680 2681
2682 2681 2680
2681 2682 2683
2683 2682 2684
2684 2685 2683
2685 2684 2686
2686 2687 2685
2687 2686 2688
2678 2689 2679
2690 2689 2678
2691 2690 2678
2692 2678 2693
2693 2694 2692
2694 2693 2695
2696 2695 2693
2695 2696 2697
2678 2692 2698
2698 2699 2678
2697 2700 2701
2702 2703 2704
2704 2705 2702
2706 2704 2707
2706 2708 2704
2709 2710 2708
2711 2712 2705
2705 2713 2711
2711 2713 2714
2715 2714 2713
2716 2715 2717
2717 2715 2718
2719 2717 2718
2718 2720 2719
2721 2717 2719
2717 2721 2722
2722 2723 2717
2723 2722 2724
2724 2725 2723
2725 2724 2726
2726 2727 2725
2721 2719 2728
2726 2729 2730
2730 2731 2726
2732 2729 2733
2733 2734 2732
2735 2736 2737
2738 2739 2740
2738 2740 2741
2738 2741 2742
2743 2744 2745
2744 2743 2746
2744 2746 2747
2748 2747 2746
2746 2749 2748
2750 2748 2749
2749 2751 2750
2750 2751 2752
2750 2752 2753
2754 2755 2756
2756 2757 2754
2758 2759 2760
2760 2761 2758
2762 2759 2758
2759 2762 2763
2763 2764 2765
2764 2763 2766
2767 2768 2769
2769 2770 2767
2769 2771 2772
2773 2774 2775
2775 2776 2773
2773 2777 2774
2778 2779 2780
2780 2781 2778
2782 2778 2781
2781 2783 2782
2782 2783 2784
2784 2785 2782
2785 2784 2786
2786 2787 2785
2788 2787 2786
2786 2789 2788
2790 2788 2789
2789 2791 2790
2792 2790 2791
2793 2792 2791
2794 2795 2796
2797 2798 2799
2799 2800 2797
2801 2802 2800
2800 2803 2801
2799 2804 2805
2806 2805 2804
2807 2808 2809
2809 2810 2807
2811 2812 2810
2813 2810 2812
2814 2815 2816
2816 2817 2814
2818 2819 2820
2820 2821 2818
2822 2823 2824
2824 2825 2822
2826 2827 2828
2828 2829 2826
2611 2605 2830
2831 2832 2833
2833 2832 2834
2833 2834 2835
2836 2837 2838
2839 2837 2836
2836 2840 2839
2840 2836 2841
2836 2842 2841
2841 2842 2843
2838 2844 2836
2845 2836 2844
2844 2846 2845
2845 2846 2847
2846 2848 2847
2848 2849 2847
2843 2850 2841
2843 2851 2850
2852 2853 2854
2852 2854 2855
2852 2855 2856
2856 2855 2857
2857 2858 2856
2859 2858 2857
2859 2857 2860
2861 2862 2863
2863 2864 2861
2863 2862 2865
2865 2866 2863
2864 2867 2861
2861 2867 2868
2867 2869 2868
2870 2868 2869
2870 2871 2868
2872 2871 2870
2871 2872 2873
2865 2871 2873
2873 2872 2874
2874 2875 2873
2865 2876 2871
2876 2861 2868
2868 2871 2876
2875 2874 2877
2874 2878 2877
2879 2865 2873
2866 2865 2879
2880 2879 2873
2879 2880 2881
2880 2882 2881
2883 2877 2878
2878 2884 2883
2882 2885 2881
2886 2885 2882
2887 2885 2886
2887 2886 2888
2889 2885 2887
2889 2890 2885
2890 2891 2885
2890 2892 2891
2881 2893 2879
2893 2894 2879
2879 2894 2866
2890 2893 2895
2894 2893 2896
2896 2893 2890
2894 2896 2897
2898 2894 2897
2899 2894 2898
2898 2900 2899
2899 2900 2901
2901 2900 2902
2900 2903 2902
2903 2900 2904
2898 2904 2900
2901 2902 2905
2902 2906 2905
2906 2907 2905
2908 2907 2906
2908 2902 2903
2902 2908 2906
2903 2904 2909
2909 2910 2903
2911 2903 2910
2912 2907 2911
2910 2912 2911
2909 2904 2913
2904 2898 2913
2913 2914 2909
2915 2914 2913
2914 2915 2916
2913 2917 2915
2917 2913 2898
2897 2917 2898
2918 2917 2897
2919 2918 2897
2897 2896 2919
2890 2919 2896
2916 2915 2920
2920 2921 2916
2915 2922 2920
2922 2915 2917
2922 2917 2918
2923 2921 2920
2924 2921 2923
2925 2924 2923
2923 2926 2925
2927 2925 2926
2923 2920 2928
2928 2920 2922
2926 2923 2928
2928 2922 2929
2926 2930 2927
2930 2926 2931
2928 2931 2926
2931 2932 2930
2933 2919 2890
2889 2933 2890
2932 2931 2934
2935 2934 2933
2933 2889 2935
2887 2935 2889
2935 2887 2936
2936 2887 2888
2937 2936 2888
2938 2936 2937
2937 2939 2938
2938 2940 2936
2940 2935 2936
2934 2935 2940
2940 2932 2934
2934 2931 2941
2941 2933 2934
2919 2933 2941
2941 2918 2919
2929 2918 2941
2929 2941 2928
2928 2941 2931
2942 2943 2939
2944 2939 2943
2945 2943 2942
2946 2945 2942
2884 2945 2946
2884 2946 2883
2947 2948 2949
2949 2950 2947
2949 2951 2950
2948 2947 2952
2952 2947 2953
2954 2955 2956
2956 2957 2954
2958 2955 2954
2959 2958 2954
2960 2961 2962
2963 2962 2961
2963 2964 2962
2961 2960 2965
2965 2966 2961
2967 2968 2969
2968 2970 2969
2970 2971 2969
2972 2968 2967
2967 2973 2972
2974 2975 2976
2977 2978 2979
2980 2981 2982
2982 2981 2983
2983 2984 2985
2985 2984 2986
2986 2984 2987
2987 2988 2989
2990 2991 2992
2992 2993 2990
2990 2993 2994
2995 2991 2990
2995 2990 2996
2994 2996 2990
2997 2998 2999
2999 3000 2997
3001 2999 2998
2998 3002 3001
3000 2999 3003
3003 3004 3000
3005 3004 3003
3003 3006 3005
3007 3006 3003
3003 3008 3007
2999 3001 3008
3008 3003 2999
3004 3005 3009
3009 3010 3004
3000 3004 3010
3010 3011 3000
3012 2997 3000
3000 3011 3012
3013 3012 3011
3011 3014 3013
3015 3013 3014
3014 3016 3015
3017 3015 3016
3015 3017 3018
3017 3019 3018
3013 3015 3020
3018 3020 3015
3012 3013 3021
3021 3013 3022
3016 3023 3017
3010 3009 3024
3024 3025 3010
3011 3010 3025
3025 3014 3011
3014 3025 3026
3026 3016 3014
3026 3023 3016
3026 3025 3024
3027 3023 3026
3028 3023 3027
3027 3029 3028
3030 3028 3029
3031 3029 3027
3024 3031 3026
3027 3026 3031
3032 3021 3022
3021 3032 3033
3033 3012 3021
3034 3012 3033
3034 3033 3035
3034 3035 3036
3036 3035 3037
3037 3038 3036
3039 3037 3035
3035 3040 3039
3033 3040 3035
3041 3036 3038
3042 3036 3041
3042 3034 3036
3042 3043 3034
3012 3034 3043
3043 3042 3044
3042 3041 3045
3044 3042 3045
3038 3046 3041
3045 3047 3044
3048 3039 3040
3049 3048 3040
3049 3040 3033
3033 3032 3049
3050 3048 3049
3051 3050 3049
3032 3051 3049
3052 3051 3032
3022 3052 3032
3053 3052 3022
3053 3022 3054
3022 3055 3054
3056 3053 3054
3057 3056 3054
3057 3058 3056
3056 3058 3059
3056 3059 3060
3060 3059 3061
3062 3060 3061
3063 3060 3062
3062 3064 3063
3053 3056 3065
3056 3060 3065
3065 3051 3052
3052 3053 3065
3066 3065 3060
3066 3067 3065
3066 3050 3067
3067 3050 3051
3051 3065 3067
3068 3069 3070
3070 3069 3071
3072 3071 3069
3073 3074 3075
3075 3074 3076
3076 3077 3075
3077 3076 3078
3077 3078 3079
3078 3080 3079
3080 3081 3079
3082 3081 3080
3082 3083 3081
3084 3085 3086
3087 3088 3089
3090 3091 3092
3093 3094 3095
3096 3095 3094
3094 3097 3096
3095 3098 3093
3099 3098 3095
3100 3099 3095
3100 3101 3099
3102 3099 3101
3102 3103 3099
3098 3104 3093
3105 3104 3098
3105 3098 3106
3107 3106 3098
3108 3107 3103
3108 3106 3107
3106 3109 3105
3110 3109 3106
3106 3111 3110
3105 3112 3104
3113 3112 3105
3113 3114 3112
3114 3115 3112
3116 3115 3114
3114 3117 3116
3118 3116 3117
3119 3118 3117
3119 3120 3118
3118 3120 3121
3118 3121 3122
3123 3112 3115
3123 3115 3116
3124 3112 3123
3124 3093 3112
3123 3116 3125
3125 3126 3123
3126 3125 3127
3127 3128 3126
3129 3125 3116
3130 3129 3122
3130 3125 3129
3117 3131 3132
3132 3133 3117
3114 3131 3117
3093 3134 3112
3135 3136 3137
3135 3137 3138
3138 3139 3135
3139 3138 3140
3140 3141 3139
3136 3135 3142
3136 3142 3143
3143 3144 3136
3144 3143 3145
3143 3146 3145
3137 3136 3147
3144 3148 3147
3149 3148 3144
3144 3150 3149
3148 3151 3147
3151 3148 3149
3152 3147 3151
3152 3151 3153
3153 3154 3152
3155 3152 3154
3154 3156 3155
3157 3155 3156
3156 3158 3157
3159 3153 3151
3151 3160 3159
3151 3149 3160
3147 3152 3161
3162 3161 3152
3161 3162 3163
3164 3163 3162
3165 3166 3158
3158 3167 3165
3168 3165 3167
3167 3169 3168
3168 3169 3170
3171 3168 3170
3168 3171 3165
3165 3171 3172
3163 3173 3172
3165 3172 3173
3171 3170 3174
3175 3171 3174
3174 3141 3175
3176 3177 3178
3176 3178 3179
3179 3178 3180
3179 3180 3181
3181 3180 3182
3181 3182 3183
3177 3176 3184
3185 3177 3184
3183 3182 3186
3186 3182 3187
3187 3188 3186
3184 3189 3185
3189 3184 3190
3136 3144 3191
