byte offset: 0
first index: 0
index count: 10917
topology: trianglelist
format: DXGI_FORMAT_R16_UINT

0 1 2
2 1 3
2 3 4
5 6 7
5 7 8
5 9 6
5 10 9
11 9 10
10 12 11
7 13 8
7 14 13
14 15 13
16 17 9
16 18 17
17 19 9
17 20 19
21 19 20
21 20 22
23 21 22
23 22 24
24 15 23
25 26 27
26 28 27
29 28 26
29 26 30
31 27 28
32 27 31
32 33 27
25 27 33
31 28 34
35 34 28
35 28 29
29 36 35
29 37 36
29 30 37
34 35 38
34 38 39
31 34 39
40 26 25
40 25 41
42 40 41
43 40 42
42 41 44
45 38 35
45 35 36
46 38 45
46 47 38
39 38 47
48 45 36
48 36 49
49 36 37
50 48 49
50 49 51
52 48 50
50 53 52
50 54 53
54 50 51
52 55 48
55 56 48
45 48 56
45 56 46
55 57 56
46 56 57
55 58 57
59 55 52
59 60 55
60 61 55
60 62 61
60 59 63
60 63 64
65 64 63
65 66 64
66 65 67
66 67 68
68 67 69
68 69 70
70 69 71
70 71 72
72 73 70
72 74 73
75 74 72
75 76 74
75 77 76
71 78 72
79 77 78
80 79 75
80 78 71
81 79 80
81 80 82
71 69 82
71 82 80
67 82 69
81 82 83
84 83 82
84 82 85
67 85 82
86 84 85
85 67 65
85 65 86
86 65 63
63 87 86
87 63 59
87 59 88
88 59 52
88 52 53
89 87 88
90 87 89
90 91 87
91 86 87
91 90 92
91 92 93
93 86 91
94 93 92
94 95 93
96 95 94
96 97 95
97 96 98
98 99 97
97 99 100
97 100 95
95 100 101
95 101 93
93 101 86
94 102 96
96 102 98
94 103 102
89 104 90
90 104 105
105 103 94
105 94 92
90 105 92
89 106 104
107 106 89
108 107 89
89 88 108
108 109 107
110 109 108
108 88 53
108 53 110
110 53 54
110 54 111
111 54 112
54 51 112
113 112 51
51 114 113
51 49 114
49 37 114
37 115 114
30 115 37
116 115 30
116 30 26
116 26 40
43 116 40
117 116 43
118 116 117
116 118 115
117 43 119
120 117 119
120 119 121
120 121 122
122 121 123
123 124 122
122 124 125
122 125 126
126 120 122
123 127 124
124 128 125
124 129 128
127 129 124
127 130 129
131 125 128
132 131 128
132 128 133
129 133 128
131 134 125
126 125 134
126 134 135
136 126 135
136 120 126
117 120 136
137 136 135
136 118 117
118 136 138
138 136 113
138 115 118
114 115 138
114 138 113
139 134 131
139 140 134
140 137 135
140 135 134
141 137 140
141 142 137
142 136 137
136 142 113
142 141 112
113 142 112
140 139 143
140 143 141
111 112 141
143 111 141
139 144 143
139 145 144
145 139 131
145 131 132
145 132 146
146 132 147
147 148 146
146 148 149
149 148 150
149 150 151
146 149 152
145 146 152
145 152 144
149 151 153
149 153 154
154 152 149
150 155 151
150 156 155
157 153 151
157 151 155
158 155 156
158 156 159
160 157 155
160 155 158
160 158 161
159 161 158
160 161 162
159 163 161
164 161 163
164 165 161
164 166 165
165 166 167
167 166 168
167 168 169
169 168 170
169 170 171
170 172 171
173 172 170
173 170 168
174 172 173
175 172 174
173 168 176
166 176 168
174 173 177
174 177 178
175 174 178
175 178 179
166 180 176
178 177 180
178 180 181
179 178 181
179 181 182
181 183 182
181 184 183
184 181 180
184 180 164
164 180 166
184 185 183
184 186 185
164 186 184
164 163 186
186 187 185
186 188 187
159 188 186
159 186 163
159 189 188
159 156 189
156 150 189
189 150 190
150 148 190
190 148 147
190 147 191
190 191 192
192 189 190
191 147 193
147 133 193
147 132 133
193 194 191
133 195 193
195 194 193
133 196 195
129 196 133
130 196 129
130 197 196
196 197 198
197 199 198
200 198 199
201 198 200
201 202 198
195 196 202
198 202 196
203 202 201
204 203 201
200 204 201
204 205 203
203 205 206
207 206 205
207 208 206
206 208 209
208 210 209
208 211 210
211 212 210
211 213 212
214 213 211
214 215 213
214 216 215
215 216 217
215 217 218
215 218 213
218 217 219
218 219 220
214 221 216
206 209 222
218 220 223
218 223 213
223 220 224
224 220 225
213 223 226
213 226 212
223 227 226
223 228 227
229 228 223
230 228 229
230 229 231
230 231 232
233 230 232
233 232 234
234 235 227
226 227 235
234 227 236
237 236 227
237 238 236
235 234 239
235 239 240
240 241 235
226 235 241
240 242 241
243 241 242
243 244 241
234 245 239
212 241 244
212 226 241
242 246 243
242 247 246
240 247 242
248 244 243
248 243 249
210 212 244
210 244 248
250 248 249
250 249 251
252 250 251
209 210 248
209 248 250
222 209 250
222 250 253
252 253 250
253 254 222
203 222 254
203 206 222
253 194 254
202 203 254
202 254 195
195 254 194
255 252 251
256 251 249
256 257 251
251 257 255
258 194 253
253 252 258
258 191 194
191 258 192
255 259 252
259 258 252
260 256 249
260 249 243
261 262 263
261 263 264
262 261 265
262 265 266
266 265 267
266 267 268
264 263 269
264 269 270
270 269 58
271 269 263
271 263 272
271 272 273
273 272 274
273 274 268
275 269 271
58 269 57
57 269 275
46 57 275
275 47 46
275 276 47
271 276 275
277 47 276
39 47 277
278 39 277
31 39 278
278 32 31
278 279 32
279 280 32
32 280 281
32 281 33
33 281 41
33 41 25
41 281 282
280 282 281
44 41 282
44 282 283
279 284 280
280 285 282
285 283 282
285 280 284
285 286 283
287 286 285
285 284 287
287 288 286
286 288 289
289 288 290
289 290 291
289 291 292
293 290 288
293 288 287
291 294 292
291 295 294
295 291 290
294 295 296
294 296 297
295 290 298
295 298 299
295 299 296
299 300 296
300 301 296
297 296 301
297 301 302
303 290 293
293 304 303
303 305 290
306 305 303
306 303 307
304 307 303
306 308 305
287 304 293
287 284 304
309 304 284
309 284 279
310 309 279
310 279 278
278 277 310
311 310 277
311 312 310
312 309 310
277 313 311
277 276 313
311 313 314
311 314 315
312 311 315
315 314 316
315 316 317
318 315 317
312 315 318
319 312 318
312 319 309
319 318 320
320 318 321
317 321 318
320 321 322
323 322 321
323 324 322
324 323 325
326 325 323
326 327 325
328 327 326
328 329 327
329 330 327
325 327 330
329 331 330
331 332 330
333 330 332
325 330 333
333 332 334
334 332 335
334 335 336
335 337 336
334 338 333
334 339 338
336 339 334
336 340 339
336 337 340
331 341 332
342 335 332
342 343 335
335 344 337
333 338 345
333 345 325
324 325 345
337 346 347
348 347 346
348 349 347
350 349 348
350 351 349
352 351 350
352 353 351
354 353 352
354 355 353
356 355 354
356 357 355
320 357 356
358 319 320
309 319 358
304 309 358
304 358 307
359 307 358
358 360 359
358 320 360
307 359 306
361 360 320
361 362 360
363 360 362
363 362 364
300 363 364
300 364 365
365 301 300
364 362 366
364 366 365
366 362 361
367 365 366
367 301 365
367 368 301
302 301 368
302 368 369
369 368 370
369 370 371
372 371 370
372 373 371
374 373 372
372 375 374
376 374 375
376 377 374
377 378 374
374 378 373
377 379 378
375 380 376
381 376 380
381 382 376
381 383 382
384 376 382
384 385 376
379 385 386
382 387 386
386 387 388
379 386 388
375 389 380
389 375 390
389 390 391
389 391 392
393 391 390
393 394 391
394 395 391
394 396 395
370 393 390
370 390 372
372 390 375
368 393 370
368 367 393
393 367 397
397 394 393
397 398 394
397 399 398
366 397 367
366 400 397
366 354 400
361 354 366
401 402 219
403 404 405
406 405 404
406 407 405
408 403 405
405 407 409
405 409 408
409 407 410
409 410 411
412 411 410
412 413 411
414 410 407
414 407 406
415 412 410
415 410 414
416 417 418
416 418 419
416 419 420
420 419 421
420 421 422
423 420 422
423 422 424
425 424 422
424 425 426
427 424 426
427 423 424
427 426 428
427 429 423
430 423 429
430 417 431
430 431 423
431 417 432
431 433 423
431 416 433
434 435 436
437 434 436
437 436 438
439 437 438
439 438 440
439 440 441
441 442 439
442 443 439
439 443 444
439 444 445
439 445 446
447 446 445
447 445 448
448 449 447
448 450 449
451 449 450
451 450 452
453 451 452
453 454 451
455 454 453
443 442 456
443 456 457
457 456 458
458 456 459
456 460 459
459 460 461
462 459 461
462 463 459
462 464 463
465 463 464
465 464 466
465 466 467
465 467 468
469 468 467
469 467 470
471 469 470
471 472 469
473 472 471
473 474 472
474 473 475
468 476 465
468 477 476
468 478 477
477 478 479
477 479 480
481 480 479
482 483 484
482 484 485
482 485 486
486 485 487
486 487 488
488 487 489
488 489 490
491 268 492
491 492 493
273 268 491
273 491 494
273 494 495
273 495 271
271 495 276
313 276 495
313 495 314
314 495 496
314 496 316
491 497 494
498 497 491
491 499 498
498 500 497
326 500 498
328 326 498
500 326 323
323 321 500
497 500 321
321 317 497
501 502 503
504 505 506
507 506 505
507 508 506
509 508 507
509 510 508
511 510 509
512 513 514
512 514 515
154 513 512
154 516 513
517 514 513
518 516 517
519 512 515
519 154 512
519 520 154
109 520 519
154 520 152
144 152 520
521 144 520
521 520 109
143 144 521
143 521 111
519 107 109
519 515 107
521 110 111
109 110 521
522 523 524
523 525 524
523 526 525
526 527 525
526 528 527
529 527 528
529 528 530
531 532 529
531 533 532
533 534 532
533 535 534
535 536 534
535 537 536
536 537 538
536 538 539
539 538 540
541 461 542
461 543 542
542 543 544
544 543 545
545 543 546
546 543 547
547 543 548
548 543 549
549 543 550
549 550 551
461 552 543
553 552 461
551 550 554
551 554 555
556 555 554
556 554 557
558 556 557
558 559 556
560 559 558
560 561 559
562 561 560
562 563 561
563 562 564
565 554 566
565 566 567
567 568 565
565 568 569
565 569 570
567 571 568
568 571 572
572 571 573
569 574 570
569 575 574
575 576 574
575 577 576
578 574 576
578 579 574
580 578 576
580 576 581
582 580 581
582 583 580
574 579 584
584 570 574
584 554 570
570 554 565
585 586 583
585 583 587
588 589 587
590 589 588
590 586 589
588 587 591
591 587 592
591 592 593
592 577 593
592 594 577
595 596 597
598 596 595
599 596 598
598 600 599
598 601 600
602 595 597
602 597 603
604 595 602
604 602 601
605 601 602
605 600 601
605 602 606
606 602 603
607 605 606
607 606 608
609 607 608
609 608 204
605 610 600
607 610 605
606 603 611
608 606 611
607 612 610
608 611 207
205 204 608
205 608 207
607 609 613
607 613 612
200 609 204
609 200 614
609 614 613
207 615 208
615 211 208
615 214 211
616 214 615
616 615 207
616 221 214
199 617 200
618 619 620
620 619 621
620 621 622
623 622 621
623 624 622
625 624 623
625 626 624
627 624 626
627 626 628
624 627 629
624 629 622
630 626 625
630 631 626
631 628 626
632 631 630
632 633 631
634 633 632
634 635 633
627 636 629
627 637 636
637 627 628
637 628 638
629 636 639
629 639 640
640 639 641
640 641 642
642 641 643
644 640 642
644 642 645
643 645 642
635 646 633
635 647 646
648 633 646
648 631 633
631 648 628
648 638 628
648 649 638
649 648 646
649 646 650
647 650 646
647 651 650
622 652 644
622 653 652
654 655 656
654 656 657
657 656 658
657 658 659
660 659 658
660 661 659
662 663 654
662 664 663
665 663 664
663 665 666
663 666 667
665 664 668
669 667 666
669 670 667
671 660 670
671 670 669
669 672 671
669 673 672
674 673 669
674 675 673
675 674 676
675 676 677
676 668 678
676 678 677
664 679 680
680 679 678
679 681 662
66 682 683
66 683 64
68 682 66
68 684 682
70 684 68
70 73 684
60 64 683
60 683 62
566 543 567
165 167 685
685 161 165
685 162 161
686 687 688
686 688 689
689 690 691
689 691 692
693 690 687
693 687 694
695 690 693
695 696 690
692 696 697
692 697 698
696 695 699
696 699 697
700 699 695
700 695 701
697 699 702
703 702 699
703 699 704
705 702 703
705 706 702
697 702 707
707 702 706
698 708 707
698 707 709
707 706 710
709 711 710
709 710 712
713 706 705
710 706 713
713 705 714
715 713 714
715 714 716
710 713 717
717 713 715
712 718 717
712 717 719
716 720 715
716 721 720
722 715 720
717 715 722
722 723 717
722 724 723
725 724 722
722 720 725
726 724 725
724 726 727
724 727 728
723 724 728
729 728 727
729 730 728
723 728 730
726 725 731
732 731 725
732 733 731
723 730 734
735 734 730
735 736 734
736 735 737
736 737 738
739 738 737
739 740 738
740 739 741
740 741 742
743 742 741
743 744 742
745 744 743
745 743 746
745 746 747
745 748 744
744 748 749
749 748 750
749 750 686
751 750 748
751 694 750
694 751 752
694 752 753
754 694 753
754 755 694
756 751 748
756 748 757
757 748 745
758 756 757
759 758 757
760 693 754
760 761 693
762 752 763
762 763 764
762 764 765
757 766 767
759 766 768
759 768 769
757 745 766
766 745 747
766 747 768
770 771 772
770 772 773
774 771 770
774 775 771
776 775 774
776 777 775
778 773 772
778 772 779
780 773 778
781 770 773
781 773 780
770 781 782
770 782 783
784 783 782
782 785 784
785 786 784
785 787 786
788 786 787
787 789 788
789 790 788
789 791 790
791 792 790
791 793 792
794 792 793
794 793 795
794 796 797
796 798 797
794 797 799
800 799 797
800 801 799
801 802 799
801 803 802
803 804 802
803 805 804
804 805 806
804 806 807
806 808 807
806 809 808
808 809 810
808 810 776
811 800 797
811 797 812
813 811 812
813 812 814
815 814 812
815 816 814
812 817 815
812 796 817
818 817 796
818 796 794
819 820 813
819 821 820
822 819 816
822 816 823
824 820 821
824 821 825
823 825 821
823 826 825
827 828 829
827 829 830
831 829 828
831 828 832
833 832 828
833 828 834
827 834 828
835 833 834
835 834 836
837 836 834
827 837 834
837 838 836
835 839 833
839 832 833
835 840 839
841 839 840
841 840 842
843 841 842
843 844 841
845 841 844
841 845 839
839 845 832
845 844 846
832 845 846
832 846 831
838 847 836
847 835 836
838 848 847
849 847 848
843 842 850
843 850 851
852 851 850
852 853 851
854 853 852
854 855 853
842 840 856
842 856 850
857 855 854
857 858 855
859 858 857
859 860 858
861 860 859
862 861 859
862 859 863
861 864 860
865 863 859
865 859 857
865 857 854
865 866 863
865 867 866
868 866 867
868 867 869
870 869 867
870 871 869
872 870 867
872 867 865
865 854 872
872 854 852
872 852 873
873 870 872
873 852 850
873 850 856
874 866 868
875 874 868
875 868 876
876 868 869
877 874 875
877 878 874
871 879 869
876 869 879
871 880 879
879 881 876
879 882 881
883 882 879
883 879 880
883 880 849
880 884 849
849 884 885
886 873 856
886 887 884
884 887 847
847 887 835
840 835 887
840 887 856
886 856 887
886 884 871
884 880 871
886 871 870
873 886 870
888 876 881
888 875 876
889 875 888
889 877 875
877 889 890
877 890 891
891 878 877
891 892 878
893 892 891
893 894 892
895 878 892
878 895 896
878 896 874
874 896 866
896 863 866
896 862 863
862 896 895
895 892 897
894 897 892
898 894 893
898 899 894
899 898 900
898 901 900
898 902 901
902 898 893
899 900 903
894 904 897
899 904 894
899 905 904
904 905 906
904 906 907
907 897 904
907 908 897
908 895 897
862 895 909
908 909 895
862 909 910
862 910 861
861 910 911
861 911 864
911 912 864
912 860 864
912 913 860
914 913 912
914 915 913
913 858 860
913 916 858
916 855 858
916 917 855
917 853 855
917 918 853
918 851 853
918 919 851
843 851 919
843 919 920
843 920 921
843 921 844
922 844 921
922 846 844
921 920 923
921 923 924
921 924 922
925 924 923
925 926 924
925 927 926
926 927 928
926 928 929
929 846 922
924 926 929
924 929 922
925 930 927
931 927 930
931 930 932
831 929 928
929 831 846
831 928 829
933 829 928
933 928 927
933 927 931
933 830 829
932 930 934
934 930 925
932 934 935
923 936 925
934 925 936
937 935 938
937 938 939
939 938 936
940 937 939
941 937 940
942 939 936
942 943 939
939 943 940
942 944 943
944 945 943
944 946 945
947 945 946
947 946 948
949 948 946
949 915 948
950 949 946
950 946 944
949 913 915
949 916 913
949 950 917
949 917 916
950 918 917
950 951 918
951 950 944
951 944 942
951 919 918
951 952 919
920 919 952
920 952 923
953 947 948
953 948 954
954 948 915
954 915 914
923 952 936
942 936 952
942 952 951
954 914 955
954 955 956
953 954 956
953 956 957
958 957 956
958 956 959
959 956 955
960 958 959
960 959 961
962 958 960
962 963 958
963 957 958
964 963 962
965 963 964
966 965 964
966 967 965
966 968 967
966 964 969
965 970 963
970 957 963
967 970 965
971 966 969
971 972 966
968 966 972
973 964 962
973 962 974
974 962 960
974 960 975
961 975 960
975 976 974
975 977 976
968 972 978
979 967 968
979 980 967
979 981 980
979 982 981
972 983 978
972 984 983
985 984 972
985 972 986
984 987 983
984 988 987
984 989 988
984 990 989
991 982 979
991 979 968
991 968 978
991 992 982
983 987 993
983 993 994
993 995 994
993 996 995
997 987 988
997 988 998
999 998 988
1000 998 999
1000 999 1001
1002 1000 1001
1002 1001 1003
1003 1001 1004
1003 1004 1005
1000 1002 1006
1002 1007 1006
1002 1008 1007
1002 1009 1008
1002 1010 1009
1009 1010 1005
1009 1005 1011
1007 1008 1012
1008 1013 1012
1011 1014 1013
1011 1013 1015
1008 1015 1013
1007 1012 1016
1012 1017 1016
1012 1018 1017
1012 1019 1018
1018 1019 1020
1018 1020 1021
1021 1020 1022
1021 1022 1023
1012 1024 1019
1021 1023 1025
1021 1025 1026
1018 1021 1027
1018 1027 1017
1028 1024 1014
1028 1014 1029
1030 1028 1029
1022 1030 1031
1030 1029 1031
1022 1031 1032
1033 1022 1032
1023 1022 1033
1033 1032 1034
1034 1035 1033
1033 1035 1036
1033 1036 1037
1023 1033 1037
1034 1038 1035
1039 1037 1036
1039 1036 1040
1035 1038 1041
1035 1041 1042
1042 1036 1035
1042 1043 1036
1044 1040 1036
1042 1045 1044
1044 1045 1046
1044 1046 1040
1023 1037 1039
1023 1039 1025
1045 1047 1048
1049 1050 1051
1049 1051 1052
1053 1049 1052
1053 1052 1054
1055 1051 1050
1055 1050 1056
1057 1055 1056
1057 1056 1058
1059 1057 1058
1059 1058 1060
1061 1059 1060
1061 1060 1062
1061 1062 1063
1061 1063 1064
1064 1063 1065
1066 1053 1054
1066 1067 1053
1067 1066 1068
1067 1068 1069
1069 1068 1070
1069 1070 1071
1069 1071 1072
1071 1070 1073
1074 1075 1076
1074 1076 1077
1075 1074 1078
1075 1078 1079
1080 1074 1077
1080 1077 1081
1074 1080 1082
1074 1082 1078
1083 1080 1081
1080 1083 1084
1080 1084 1085
1083 1081 1086
1087 1083 1086
1083 1087 1088
1083 1088 1089
1087 1086 1090
1091 1087 1090
1087 1091 1092
1092 1093 1087
1092 1094 1093
1095 1092 1091
1095 1096 1092
1097 1098 1099
1097 1099 1100
1098 1097 1101
1098 1101 1102
1103 1097 1104
1103 1104 1105
1097 1103 1106
1097 1106 1107
1108 1109 1106
1108 1110 1109
1110 1108 1105
1110 1105 1111
1110 1111 1112
1109 1110 1112
1098 1113 1114
1098 1114 1115
1113 1098 1116
1113 1116 1117
1118 1113 1119
1118 1119 1120
1121 1118 1122
1121 1122 1123
1124 1125 1126
1124 1126 1127
1127 1126 1128
1127 1128 1129
1128 1130 1129
1128 1131 1130
1131 1132 1130
1131 1133 1132
1134 1128 1126
1134 1135 1128
1135 1136 1128
1137 1133 1136
1135 1137 1136
1137 1138 1133
1138 1139 1133
1133 1139 1140
1133 1140 1141
1138 1142 1139
1135 1143 1137
1135 1144 1143
1134 1144 1135
1140 1139 1145
1145 1139 1142
1140 1145 1146
1145 1142 1147
1148 1145 1147
1148 1149 1145
1148 1150 1149
1151 1150 1148
1137 1143 1152
1137 1152 1138
1153 1142 1138
1153 1138 1152
1153 1147 1142
1154 1153 1152
1154 1152 1155
1155 1152 1143
1156 1143 1144
1155 1143 1156
1156 1144 1157
1158 1156 1157
1157 1159 1158
1160 1156 1158
1160 1158 1161
1159 1161 1158
1160 1161 1162
1160 1163 1156
1159 1157 1164
1159 1164 1165
1157 1166 1164
1157 1144 1166
1134 1166 1144
1166 1134 1167
1167 1134 1126
1167 1126 1125
1166 1167 1168
1168 1167 1169
1169 1167 1170
1169 1170 1171
1172 1171 1125
1172 1125 1124
1173 1171 1172
1174 1173 1172
1172 1175 1174
977 1174 1175
977 975 1174
961 1174 975
1175 1172 1176
1175 1177 977
1178 977 1177
1178 976 977
1179 1178 1177
1179 1177 1180
1180 1181 1179
1180 1182 1181
1183 1182 1180
1184 1180 1177
1175 1184 1177
1176 1184 1175
1184 1185 1180
1186 1180 1185
1186 1187 1182
1186 1188 1187
1188 1189 1187
1188 1190 1189
1190 1191 1189
1190 1192 1191
1192 1193 1191
1192 1194 1193
1187 1189 1195
1187 1195 1196
1196 1182 1187
1191 1193 1197
1191 1197 1198
1189 1191 1198
1189 1198 1195
1188 1199 1190
1188 1200 1199
1194 1192 1201
1190 1199 1201
1190 1201 1192
1194 1201 1202
1203 1194 1202
1194 1203 1204
1205 1199 1200
1200 1206 1205
1194 1204 1207
1194 1207 1193
1193 1207 1208
1193 1208 1197
1203 1202 1209
1207 1204 1210
1208 1207 1210
1208 1210 1211
1212 1203 1209
1213 1200 1214
1200 1188 1214
1214 1188 1186
1215 1213 1216
1217 1216 1213
1217 1213 1185
1218 1185 1213
1217 1185 1184
1184 1176 1217
1219 1220 1221
1221 1222 1219
1223 1219 1222
1223 1224 1219
1225 1224 1223
1225 1226 1224
1225 1223 1227
1225 1227 1228
1225 1229 1226
1225 1230 1229
1230 1225 1228
1230 1231 1229
1230 1232 1231
1232 1233 1231
1232 1234 1233
1234 1235 1233
1234 1236 1235
1230 1228 1237
1232 1230 1237
1236 1234 1238
1236 1238 1239
1239 1240 1236
1239 1241 1240
1234 1232 1242
1234 1242 1238
1232 1237 1242
1243 1236 1240
1243 1244 1236
1243 1240 1245
1245 1240 1246
1245 1246 1247
1243 1245 1248
1249 1245 1247
1249 1247 1250
1251 1252 1253
1251 1253 1254
1255 1251 1254
1255 1256 1251
1252 1257 1253
1252 1258 1257
1257 1258 1259
1259 1260 1257
1260 1259 1261
1261 1262 1260
1263 1262 1261
1264 1262 1263
1263 1265 1264
1263 1266 1265
1267 1265 1266
1268 1267 1266
1269 1267 1268
1269 1268 1270
1266 1271 1268
1272 1271 1266
1272 1266 1263
1263 1261 1272
1264 1273 1262
1274 1262 1273
1274 1273 1275
1276 1274 1275
1276 1275 1277
1278 1276 1277
1278 1277 1279
1280 1278 1279
1280 1279 1281
1282 1280 1281
1282 1281 1283
1284 1282 1283
1284 1285 1282
1286 1287 1288
1286 1288 1289
1289 1288 1290
1289 1290 1291
1292 1286 1289
1293 1286 1292
1293 1294 1286
1292 1289 1295
1295 1289 1291
1295 1291 1296
1291 1290 1297
1291 1297 1298
1296 1291 1298
1296 1298 1299
1288 1287 1300
1288 1300 1301
1302 1299 1298
1302 1298 1303
900 1302 1303
900 1304 1302
1305 1303 1298
1305 1298 1297
1303 1305 903
1303 903 900
1305 1306 903
899 903 1306
1306 905 899
1306 1307 905
1307 1308 905
1307 1309 1308
1305 1310 1306
1307 1306 1310
1310 1305 1311
1310 1311 1312
1312 1311 1313
1312 1313 1314
1314 1313 1315
1314 1315 1316
1307 1310 1317
1317 1310 1312
1318 1307 1317
1318 1319 1307
1317 1320 1318
1317 1321 1320
1312 1321 1317
1322 1312 1314
1314 1323 1322
1322 1323 1324
1324 1325 1322
1326 1327 1316
1328 1327 1326
1328 1329 1327
1330 1327 1329
1330 1329 1331
1332 1331 1329
1333 1332 1329
1329 1328 1333
1332 1334 1331
1332 1333 1335
1332 1335 1336
1332 1336 1337
1337 1334 1332
1336 1338 1337
1336 1335 1338
1339 1338 1335
1340 1330 1331
1340 1331 1341
1334 1342 1341
1337 1342 1334
1334 1341 1343
1344 1340 1345
1344 1345 1346
1327 1344 1346
1327 1346 1316
1326 1316 1347
1348 1349 1350
1348 1350 1351
1352 1350 1349
1352 1353 1350
1354 1349 1348
1354 1355 1349
1352 1349 1356
1352 1356 1357
1358 1348 1351
1358 1359 1348
1359 1358 1360
1359 1360 1361
1361 1360 1362
1362 1363 1361
1363 1362 1364
1363 1364 1365
1365 1364 1366
1365 1366 1367
1365 1368 1363
1369 1365 1367
1368 1365 1369
1369 1367 1370
1361 1371 1359
1372 1359 1371
1372 1371 1354
1361 1373 1371
1373 1361 1363
1363 1374 1373
1375 1373 1374
1375 1376 1373
1376 1375 1377
1376 1377 1378
1379 1378 1377
1380 1379 1377
1380 1377 1381
1381 1377 1375
1379 1382 1378
1383 1382 1379
1383 1379 1384
1385 1384 1379
1385 1379 1386
1387 1383 1384
1388 1387 1384
1388 1389 1387
1387 1390 1383
1389 1391 1387
1387 1391 1390
1381 1375 1392
1392 1375 1393
1392 1393 1394
1394 1393 1363
1394 1363 1368
1368 1395 1394
1369 1395 1368
1369 1396 1395
1397 1396 1369
1397 1398 1396
1399 1398 1397
1399 1400 1398
1401 1400 1399
1401 1402 1400
1403 1402 1401
1403 1404 1402
1405 1404 1403
1405 1403 1406
1407 1405 1406
1407 1408 1405
1409 1395 1396
1409 1410 1395
1411 1395 1410
1412 1413 1407
1412 1414 1413
1415 1414 1412
1412 888 1415
888 881 1415
1412 889 888
1416 889 1412
1416 890 889
1417 890 1416
1417 1418 890
1419 890 1418
1420 1419 1418
1420 902 1419
902 893 1419
893 891 1419
1419 891 890
1421 902 1420
1421 1366 902
1422 1420 1418
1422 1418 1417
881 1423 1415
1415 1423 1424
1425 1421 1420
1425 1420 1422
1426 1424 1427
1415 1428 1414
1429 1428 1430
1431 1429 1430
1429 1431 1432
1429 1432 1408
1433 1434 1435
1433 1435 1436
1437 1433 1436
1437 1436 1438
1439 1437 1438
1440 1441 1442
1440 1442 1443
1441 1444 1442
1441 1445 1444
1446 1444 1445
1446 1447 1444
1448 1447 1446
1448 1446 1449
1450 1448 1449
1450 1449 1451
1450 1451 1452
1450 1452 1453
1454 1440 1443
1454 1443 1455
1456 1454 1455
1456 1455 1457
1457 1458 1456
1457 1459 1458
1460 1461 1462
1463 1464 1462
1463 1465 1464
1464 1465 1466
1464 1466 1467
1468 1466 1469
1468 1469 1470
1471 1469 1472
1471 1472 1473
1473 1472 1474
1473 1474 1475
1476 1474 1477
1476 1477 1478
1479 1477 1480
1479 1480 1481
1480 1482 1481
1480 1483 1482
1482 1483 1484
1485 1484 1483
1486 1484 1485
1486 1487 1484
1488 1487 1486
1488 1486 1489
1490 1488 1489
1490 1491 1488
1492 1491 1490
1492 1490 1493
1485 1483 1494
1494 1483 1495
1494 1495 1496
1495 1497 1496
1495 1498 1497
1498 1499 1497
1498 1500 1499
1500 1501 1499
1500 1502 1501
1502 1503 1501
1502 1504 1503
1504 1505 1503
1504 1506 1505
1506 1507 1505
1506 1508 1507
1507 1508 1509
1507 1509 1510
1511 1510 1509
1511 1512 1510
1513 1514 1512
1515 1516 1517
1516 1518 1517
1516 1515 1519
1520 1515 1517
1515 1520 1521
1515 1521 1522
1520 1517 1523
1518 1523 1517
1518 1524 1523
1520 1523 1525
1525 1526 1520
1520 1526 1527
1520 1527 1528
1526 1525 1529
1529 1530 1526
1531 1530 1529
1531 1532 1530
1531 1533 1532
1531 1529 1534
1535 1531 1534
1535 1534 1536
1534 1537 1536
1534 1538 1537
1539 1535 1536
1539 1536 1540
1536 1537 1541
1536 1541 1540
1540 1006 1539
1540 1542 1006
1542 1540 1541
1006 1542 1000
1543 1538 1534
1543 1534 1529
1543 1529 1525
1525 1544 1543
1544 1525 1545
1545 1524 1544
1542 1541 1546
1547 1000 1542
998 1000 1547
998 1547 997
1547 1542 1548
1548 1549 1547
1547 1549 997
997 1549 1550
1549 1551 1550
1552 1550 1551
1553 1552 1551
1553 1551 1554
1549 1554 1551
1553 1554 1555
1556 1553 1555
1556 1557 1553
1557 1556 1558
1557 1558 1559
1559 1558 1560
1559 1560 1561
1560 1562 1561
1563 1557 1559
1563 1559 1564
1564 1559 1561
1564 1561 1565
1562 1565 1561
1557 1563 1566
1557 1566 1553
1553 1566 1552
1552 1567 1550
1568 1550 1567
1568 1567 1569
1569 993 1568
987 1568 993
987 997 1568
997 1550 1568
1569 996 993
1570 1571 1572
1570 1572 1573
1571 1574 1572
1571 1575 1574
1576 1574 1575
1576 1577 1574
1578 1577 1576
1579 1580 1581
1579 1581 1582
1583 1579 1582
1583 1582 1584
1581 1580 1585
1581 1585 1586
1586 1585 1587
1586 1587 1588
1588 1587 1589
1588 1589 1590
1591 1588 1590
1592 1593 1594
1592 1595 1593
1592 1596 1595
1596 1597 1595
1596 1598 1597
1598 1599 1597
1598 1600 1599
1599 1600 1601
1599 1601 1602
1602 1601 1482
1602 1482 1603
1482 1484 1604
1604 1605 1482
1606 1605 1604
1606 1607 1605
1607 1606 1608
1607 1608 1609
1609 1608 1610
1609 1610 1611
1612 1611 1610
1612 1613 1611
1492 1612 1610
1492 1610 1491
1608 1491 1610
1608 1488 1491
1606 1488 1608
1606 1487 1488
1487 1606 1604
1487 1604 1614
1615 1613 1612
1615 1616 1613
1617 1616 1615
1617 1618 1616
1618 1617 1619
1618 1619 1620
1617 1621 1619
1620 1622 1621
1620 1621 1623
1617 1624 1621
1624 1617 1615
1624 1625 1621
1624 1626 1625
1627 1625 1626
1627 1626 1628
1627 1628 1629
1627 1629 1630
1631 1630 1629
1631 1629 1632
1631 1632 1633
1632 1634 1633
1635 1634 1632
1636 1634 1635
1637 1636 1635
1638 1631 1639
1640 1632 1641
1642 1640 1641
1642 1641 1643
1643 1641 1644
1643 1644 1645
1645 1644 1646
1645 1646 1647
1641 1632 1648
1641 1648 1644
1649 1637 1650
1650 1651 1652
1650 1652 1653
1632 1651 1650
1654 1648 1655
1654 1655 1656
1657 1658 1656
1657 1656 1659
1659 1493 1657
1660 1657 1493
1660 1661 1657
1661 1658 1657
1659 1662 1493
1661 1660 1663
1661 1663 1664
1664 1663 1665
1664 1665 1666
1666 1665 1667
1666 1667 1668
1668 1667 1669
1668 1669 1670
1670 1671 1668
1671 1666 1668
1670 1672 1671
1672 1670 1673
1670 1674 1673
1670 1675 1674
1676 1673 1674
1676 1677 1673
1678 1677 1676
1677 1678 1679
1677 1680 1673
1672 1673 1680
1681 1677 1679
1680 1677 1681
1681 1679 1682
1683 1679 1678
1683 1684 1679
1682 1679 1684
1682 1684 1685
1686 1684 1683
1685 1684 1686
1685 1686 1687
1688 1689 1690
1691 1692 1690
1691 1693 1692
1693 1694 1695
1695 1694 1696
1697 1696 1694
1697 1698 1696
1699 1700 1698
1699 1698 1701
1702 1700 1699
1702 1703 1700
1704 1703 1702
1704 1705 1703
1706 1705 1704
1706 1707 1705
1707 1708 1705
1709 1710 1711
1709 1711 1712
1713 1710 1709
1713 1714 1710
1715 1714 1713
1715 1716 1714
1717 1716 1715
1717 1718 1716
1719 1718 1717
1719 1720 1718
1721 1720 1719
1721 1722 1720
1723 1722 1721
1723 1724 1722
1720 1722 1725
1720 1725 1726
1718 1720 1726
1718 1726 1727
1718 1728 1716
1714 1716 1728
1718 1729 1728
1714 1728 1730
1722 1724 1731
1722 1731 1725
1732 1731 1724
1732 1724 1723
1732 1733 1731
1733 1732 1734
1735 1734 1732
1732 1723 1735
1714 1730 1736
1714 1736 1710
1711 1710 1736
1711 1736 1737
1738 1711 1737
1738 1739 1711
1712 1711 1739
1712 1739 1740
1739 1741 1740
1739 1742 1741
1742 1739 1738
1742 1738 1743
1744 1745 1746
1744 1746 1747
1748 1745 1744
1748 1744 1749
1746 1750 1747
1746 1751 1750
1752 1744 1747
1750 1752 1747
1752 1753 1744
1750 1754 1752
1752 1754 1755
1752 1755 1756
1744 1753 1757
1744 1757 1749
1758 1757 1753
1758 1753 1759
1752 1756 1759
1752 1759 1753
1760 1756 1755
1760 1755 1761
1756 1760 1762
1756 1762 1759
1762 1758 1759
1762 1763 1758
1764 1765 1766
1764 1766 1767
1768 1767 1766
1768 1766 1769
1770 1771 1765
1770 1765 1746
1772 1771 1770
1772 1773 1771
1765 1774 1746
1765 1775 1774
1776 1777 1764
1776 1778 1777
1779 1778 1776
1779 1780 1778
1778 1781 1777
1778 1782 1781
1780 1782 1778
1780 1783 1782
1781 1784 1777
1777 1784 1785
1777 1785 1764
1785 1786 1764
1785 1787 1786
1781 1788 1784
1789 1788 1781
1789 1790 1788
1791 1789 1781
1791 1781 1782
1792 1791 1782
1792 1782 1783
1793 1790 1789
1794 1793 1789
1795 1794 1792
1795 1796 1794
1794 1796 1793
1797 1798 1793
1798 1797 1795
943 945 1799
943 1799 940
1800 1799 945
1801 1799 1800
1800 945 947
941 940 1799
941 1799 1802
1800 1803 1801
1804 1800 947
1803 1800 1804
1804 947 953
953 1805 1804
953 957 1805
970 1805 957
1805 970 1806
967 1806 970
1805 1806 1807
1807 1804 1805
980 1806 967
980 1808 1806
1807 1806 1808
981 1808 980
981 1809 1808
1807 1810 1804
1803 1804 1810
1809 1811 1808
1807 1808 1811
1809 1812 1811
1813 1810 1807
1813 1807 1811
1811 1812 1814
1811 1814 1813
1813 1814 1815
1813 1815 1816
1803 1813 1816
1810 1813 1803
1817 1818 1819
1817 1819 1145
1817 1150 1818
1820 1821 1822
1822 1823 1820
1822 1824 1823
1824 1825 1823
1824 1826 1825
1825 1826 1827
1828 1821 1829
1828 1829 1830
1831 1830 1829
1831 1832 1830
1832 1831 1833
1832 1833 1834
1835 1824 1828
1835 1828 1830
1832 1835 1830
1832 1836 1835
1835 1836 1837
1838 1835 1837
1827 1839 1838
1835 1838 1839
1839 1824 1835
1827 1838 1840
1837 1841 1840
1837 1840 1842
1837 1836 1843
1837 1843 1844
1844 1843 1845
1844 1845 1846
1846 1845 1847
1846 1847 1293
1834 1848 1845
1845 1848 1849
1845 1849 1294
1294 1849 1850
1294 1850 1286
1850 1849 1851
1850 1851 1300
1845 1843 1852
1836 1852 1843
1836 1832 1852
1853 1854 1851
1853 1855 1854
1834 1854 1855
1834 1856 1854
1857 1256 1858
1857 1858 1859
1859 1860 1857
1859 1861 1860
1860 1861 1862
1860 1862 1863
1864 1863 1862
1864 1865 1863
1866 1863 1865
1866 1867 1863
1867 1868 1863
1867 1869 1868
1865 1864 1870
1870 1864 1871
1870 1871 1872
1873 1870 1872
1873 1872 1874
1873 1874 1875
1875 1874 1876
1877 1873 1875
1867 1866 1878
1867 1878 1879
1879 1869 1867
1880 1873 1877
1877 1881 1880
1882 1878 1866
1866 1883 1882
1865 1883 1866
1870 1883 1865
1884 1882 1883
1880 1885 1884
1886 1885 1877
1887 1888 1875
1886 1888 1887
1887 1889 1890
1889 1891 1890
1887 1892 1889
1892 1893 1889
1894 1893 1895
1896 1883 1870
1896 1870 1897
1898 1896 1884
717 723 734
717 734 1899
734 1900 1899
734 1901 1900
1901 1902 1900
1901 1903 1902
1903 1904 1902
1903 740 1904
1905 1906 1904
1905 742 1906
742 1907 1906
742 744 1907
744 749 1907
1671 1908 1666
1664 1666 1908
1664 1908 1909
1910 1664 1909
1910 1661 1664
1661 1910 1658
1911 1912 1913
1914 1911 1915
1914 1915 1916
1916 1915 1917
1917 1918 1916
1917 1919 1918
1918 1920 1921
1922 732 725
1922 725 720
1922 720 721
1922 721 1923
732 1922 1924
732 1924 1925
1925 1924 1926
1925 733 732
1925 1927 733
1926 1927 1925
1926 1928 1927
1929 1930 1926
999 988 1931
1932 1933 1934
1935 1936 1937
1938 1936 1935
1938 1935 1939
1939 1940 1938
1939 1941 1940
1940 1941 1638
1942 995 1943
1942 1943 991
978 1942 991
978 983 1942
1944 1945 1946
1947 1945 1944
1947 1944 1948
1949 1950 1951
1949 1951 1952
1953 1950 1949
1953 1949 1954
1951 1955 1952
1951 1409 1955
1404 1953 1954
1404 1956 1953
1405 1957 1958
1405 1958 1959
1413 1960 1957
1413 1957 1961
1962 1963 1964
1964 1963 1965
1964 1965 1966
1966 1965 1967
1966 1967 1968
1968 1967 1969
1968 1969 1970
1969 1971 1972
1969 1972 1973
1974 1975 1972
1974 1976 1975
1977 1978 1975
1977 1979 1978
1980 1977 1975
1980 1975 1981
1982 1980 1981
1983 1982 1981
1983 1981 1984
1985 1982 1983
1985 1983 1986
1987 1985 1986
1987 1986 1871
1981 1975 1988
1981 1988 1984
1984 1989 1990
1989 1991 1990
1989 1992 1991
1993 1992 1994
1993 1994 1995
1995 1994 1996
1995 1996 1997
1996 1998 1997
1996 1999 1998
1998 1999 2000
1998 2000 2001
2002 2003 2001
2002 2004 2003
2005 2006 2003
2005 2007 2006
2006 2007 2008
2009 2010 2011
2009 2011 2012
2012 2011 2013
2012 2013 2014
2014 2013 2015
2014 2015 2016
2017 2010 2009
2017 2009 2018
2019 2017 2018
2019 2020 2017
2021 2020 2019
2021 2022 2020
2021 2023 2022
2021 2024 2023
1530 1532 2025
1530 2025 1526
2026 2027 2028
2026 2028 2029
2027 2030 2028
2027 2031 2030
2031 2032 2030
2031 2033 2032
2033 2034 2032
2033 2035 2034
2035 2036 2034
2035 2037 2036
2037 2038 2036
2038 2039 2036
2040 2041 2042
2040 2042 2043
2043 2042 2044
2043 2044 2045
2041 2046 2042
2041 2047 2046
2042 2046 2048
2042 2048 2044
2047 2049 2046
2046 2049 2050
2049 2051 2050
2049 2052 2051
2053 2052 2049
2053 2054 2052
2054 2055 2052
2054 2056 2055
2052 2055 2057
2052 2057 2051
2046 2050 2058
2047 2059 2049
2060 2057 2055
2056 2060 2055
2060 2061 2057
2056 2062 2060
2063 2064 1353
2063 1353 1352
2065 2063 1352
2065 1352 2066
2067 2064 2063
2068 2063 2065
2068 2069 2063
2063 2069 2067
2070 2069 2068
2070 2071 2069
2072 2067 2069
2069 2071 2072
2072 2073 2067
2074 955 914
2074 914 912
911 2074 912
2075 955 2074
959 955 2075
961 959 2075
961 2075 2076
2075 2074 2077
2077 2074 911
2077 2076 2075
2077 2078 2076
1174 961 2076
1174 2076 1173
1173 2076 2078
1173 2078 2079
2079 1171 1173
2079 1169 1171
2080 1169 2079
1169 2080 1168
2080 2081 1168
2082 2081 2080
1166 1168 2082
2082 1164 1166
2082 2083 1164
2080 2083 2082
1165 1164 2083
1165 2083 2084
2080 2085 2083
2086 2085 2080
2080 2087 2086
2079 2087 2080
2087 2079 2078
2078 2088 2087
2088 2078 2077
2077 2089 2088
911 2089 2077
2089 911 910
2090 2089 910
2088 2089 2090
910 909 2090
2090 909 908
2091 2090 908
2091 2092 2090
2087 2088 2092
2092 2086 2087
2090 2092 2088
2084 2093 2085
2084 2085 2094
2094 2085 2086
2094 2086 2095
2092 2091 2095
2092 2095 2086
2096 2095 2091
908 2096 2097
2096 906 2095
1482 1605 2098
1196 2099 1182
2100 2101 2102
2103 2043 2045
2103 2045 2104
2105 2043 2103
2105 2040 2043
2106 2107 2108
2106 2108 2109
2110 2111 2112
2110 2113 2114
2110 2114 2115
2116 2117 2118
2116 2118 2119
2118 2120 2119
2121 2122 2123
2124 2125 2126
2127 2128 2129
2127 2129 2130
2130 2129 2131
737 2132 2133
737 2133 739
735 2132 737
735 2134 2132
730 2134 735
730 729 2134
741 739 2133
741 2133 2135
743 741 2135
743 2135 746
2136 2137 2138
2139 2136 2138
2139 2138 2140
2140 2141 2139
2140 1148 2141
2142 2141 1148
2142 1148 1147
2140 1151 1148
1153 2142 1147
1153 2143 2142
2143 2139 2141
2141 2142 2143
1153 1154 2143
2143 1154 2144
2145 2139 2143
2145 2143 2146
2147 2146 2143
2147 2143 2144
2148 2149 2147
1155 2150 1154
2150 1155 2151
1160 1162 2150
2152 2147 2153
2152 2153 2154
2154 2136 2152
2154 2137 2136
2155 2156 2157
1656 1628 1659
1655 1626 1659
2158 1626 1662
2159 1662 2160
2159 2160 2161
1492 1662 2159
1492 1493 1662
2159 1612 1492
2159 1615 1612
1624 1615 2159
2162 2163 2164
2162 2164 2165
2166 2165 2164
2166 2167 2165
2165 2168 2162
2165 2169 2168
2167 2169 2165
2169 2170 2168
2169 2171 2170
2167 2172 2169
2173 2171 2169
2169 2172 2173
2174 2171 2173
2171 2174 2175
2171 2175 2176
2163 2177 2164
2163 2178 2177
2179 2177 2178
2179 2178 2180
2180 2181 2179
2180 2182 2181
1869 2181 2182
1869 2182 1868
2183 2181 1869
1879 2183 1869
2183 2184 2181
2184 2179 2181
2185 2177 2179
2184 2185 2179
2185 2186 2177
2186 2164 2177
2186 2166 2164
1221 2187 1222
2187 1221 2188
2189 2190 2187
2189 1223 2190
2189 1227 1223
1841 2191 2192
1841 2192 2193
1844 2192 1837
2194 2195 2196
2197 2198 2199
2200 2201 2202
2202 2203 2200
2203 2204 2200
2203 1314 2204
2205 2206 2207
2205 2207 2208
2208 2207 2209
2208 2209 2210
2210 2209 2211
2210 2211 2212
2213 2214 2215
2213 2215 2216
2216 2215 2217
2216 2217 2218
2217 2219 2218
2217 2220 2219
2221 2222 2223
2221 2223 2224
2225 2221 2224
2225 2224 2226
2221 2225 2227
2221 2227 2228
2222 2221 2228
2227 2225 2229
2229 2225 2226
2229 2226 2230
2227 2229 2231
2231 2232 2227
2232 2233 2227
2222 2233 2234
2233 2235 2234
2232 2235 2233
2236 2235 2232
2236 2232 2237
2237 2238 2236
2238 2239 2236
2240 2236 2239
2240 2241 2236
2236 2241 2235
2242 2235 2241
2241 2240 2243
2241 2243 2242
2244 2245 2246
2247 2244 2246
2247 2248 2244
2249 2250 2251
2249 2251 2252
2251 2253 2252
2254 2253 2251
2254 2255 2253
2256 2255 2254
2257 2254 2251
2257 2251 2250
2254 2257 2258
2254 2258 2256
2259 2257 2250
2260 2257 2259
2259 2261 2260
2259 2250 2262
2262 2250 2263
2264 2262 2263
2264 2265 2262
2266 2265 2264
2266 2264 2267
2268 2265 2266
2268 2269 2265
2262 2265 2269
2270 2261 2269
2270 2269 2268
2271 2269 2261
2262 2269 2271
2272 2273 2274
2272 2274 2275
2275 2276 2272
2277 2278 2279
2280 2277 2279
2280 2279 2281
2282 2283 2284
2284 2285 2282
2284 2286 2285
2287 2288 2289
2287 2289 2290
2288 2291 2289
2290 2292 2287
2290 2293 2292
2291 2288 2294
2291 2294 2295
2296 2295 2294
2296 2294 2297
2297 2298 2296
2298 2297 2299
2300 2298 2299
2301 2300 2299
2301 2299 2302
2303 2301 2302
2303 2304 2301
2303 2305 2304
2303 2306 2305
2307 2308 2309
2307 2309 2310
2310 2309 2311
2308 2307 2312
2308 2312 2313
2311 2314 2310
2311 2315 2314
2316 2314 2315
2316 2317 2314
2317 2316 2318
2318 2319 2317
2320 2319 2318
2321 2319 2320
2321 2322 2319
2323 2322 2321
2323 2321 2324
2323 2324 2325
2323 2325 2326
2327 2328 2329
2327 2329 2330
2330 2329 2331
2330 2331 2332
2333 2328 2327
2333 2334 2328
2332 2331 2335
2332 2335 2336
2336 2335 2337
2336 2337 2338
2338 2337 2339
2338 2339 2340
2340 2339 2341
2340 2341 2342
2342 2341 2343
2342 2343 2344
2344 2343 2345
2344 2345 2346
2346 2347 2348
2346 2348 2349
2350 2351 2352
2350 2352 2353
2353 2352 2354
2353 2354 2355
2356 2351 2350
2356 2357 2351
2358 2357 2356
2358 2359 2357
2360 2359 2358
2360 2361 2359
2362 2361 2360
2362 2363 2361
2364 2363 2362
2364 2365 2363
2366 2365 2364
2366 2367 2365
2368 2369 2370
2368 2370 2371
2372 2373 2374
2372 2374 2375
2376 2377 2378
2376 2378 2379
2379 2378 2380
2377 2376 2381
2377 2381 2382
2380 2383 2379
2380 2384 2383
2385 2383 2384
2385 2386 2383
2386 2385 2387
2387 2388 2386
2389 2388 2387
2390 2388 2389
2390 2391 2388
2392 2391 2390
2392 2390 2393
2392 2393 2394
2392 2394 2395
2396 2397 2398
2396 2398 2399
2397 2400 2398
2399 2401 2396
2399 2402 2401
2400 2397 2403
2400 2403 2404
2405 2404 2403
2405 2403 2406
2406 2407 2405
2407 2406 2408
2409 2407 2408
2410 2409 2408
2410 2408 2411
2412 2410 2411
2412 2413 2410
2412 2414 2413
2412 2415 2414
2416 2417 2418
2416 2418 2419
2417 2420 2418
2417 2421 2420
2422 2416 2419
2422 2419 2423
2421 2424 2420
2421 2425 2424
2425 2426 2424
2425 2427 2426
2427 2428 2426
2427 2429 2428
2429 2430 2428
2429 2431 2430
2431 2432 2430
2431 2433 2432
2433 2434 2432
2433 2435 2434
2435 2436 2437
2435 2437 2438
2439 2440 2441
2439 2441 2442
2440 2443 2441
2440 2444 2443
2445 2439 2442
2445 2442 2446
2447 2445 2446
2447 2446 2448
2449 2447 2448
2449 2448 2450
2451 2449 2450
2451 2450 2452
2453 2451 2452
2453 2452 2454
2455 2453 2454
2455 2454 2456
2457 2458 2459
2457 2459 2460
2461 2462 2463
2461 2463 2464
2465 2466 2467
2465 2467 2468
2465 2469 2466
2465 2470 2469
2466 2471 2467
2466 2472 2471
2469 2472 2466
2472 2473 2471
2472 2474 2473
2474 2475 2473
2474 2476 2475
2469 2477 2472
2472 2477 2478
2472 2478 2479
2480 2479 2478
2480 2478 2481
2476 2482 2475
2476 2483 2482
2484 2480 2481
2484 2481 2485
2486 2487 2488
2486 2488 2489
2490 2486 2489
2490 2489 2491
2492 2490 2491
2492 2491 2493
2494 2492 2493
2494 2493 2495
2496 2494 2495
2496 2495 2497
2498 2499 2500
2498 2500 2501
2498 2501 2502
2498 2502 2503
2501 2504 2502
2501 2505 2504
2500 2505 2501
2505 2506 2504
2505 2507 2506
2508 2506 2507
2508 2509 2506
2500 2510 2505
2505 2510 2511
2505 2511 2512
2512 2511 2513
2512 2513 2514
2515 2509 2508
2515 2516 2509
2513 2517 2514
2513 2518 2517
2519 2520 2499
2519 2499 2521
2522 2520 2519
2522 2523 2520
2524 2523 2522
2524 2525 2523
2526 2525 2524
2526 2527 2525
2528 2527 2526
2528 2529 2527
2530 2531 2532
2532 2531 2533
2532 2533 2534
2535 2532 2534
2532 2535 2536
2530 2532 2537
2536 2537 2532
2538 2539 2540
2540 2539 2541
2540 2541 2542
2542 2541 2543
2542 2543 2544
2544 2543 2545
2544 2545 2546
2545 2547 2546
2545 2548 2547
2546 2547 2549
2546 2549 2550
2550 2549 2551
2550 2551 2552
2550 2552 2553
2546 2550 2554
2553 2554 2550
2553 2555 2554
2553 2556 2555
2556 2557 2555
2556 2558 2557
2557 2558 2559
2548 2560 2547
2548 2561 2560
2562 2553 2552
2562 2563 2553
2564 2553 2563
2564 2563 2565
2564 2565 2566
2567 2564 2566
2567 2566 2568
2568 2569 2567
2570 2565 2563
2570 2563 2562
2571 2570 2562
2552 2571 2562
2552 2551 2571
2571 2572 2570
2573 2570 2572
2574 2570 2573
2573 2575 2574
2573 2576 2575
2574 2575 2577
2574 2577 2578
2578 2577 2579
2578 2579 2580
2579 2581 2580
2582 2575 2576
2578 2583 2574
2574 2583 2570
2584 2582 2576
2584 2585 2582
2586 2584 2576
2586 2576 2573
2573 2572 2586
2587 2585 2584
2587 2584 2586
2587 2588 2585
2587 2586 2589
2586 2590 2589
2589 2590 2591
2589 2591 2592
2592 2587 2589
2586 2572 2590
2593 2590 2572
2593 2572 2571
2594 2591 2590
2594 2590 2593
2592 2595 2587
2588 2587 2595
2596 2592 2591
2591 2597 2596
2597 2591 2594
2596 2598 2592
2598 2595 2592
2598 2596 2599
2596 2597 2599
2600 2599 2597
2600 2597 2601
2598 2599 2602
2603 2599 2600
2604 2603 2600
2605 2603 2604
2604 2606 2605
2606 2607 2605
2603 2605 2608
2609 2604 2600
2609 2606 2604
2607 2610 2605
2611 2608 2605
2610 2612 2605
2613 2612 2610
2613 2610 2614
2614 2610 2607
2614 2607 2615
2616 2603 2608
2603 2616 2599
2617 2602 2599
2617 2599 2616
2618 2617 2616
2618 2616 2619
2620 2618 2619
2620 2619 2611
2615 2621 2614
2615 2622 2621
2622 2615 2623
2622 2623 2624
2614 2621 2625
2614 2625 2626
2618 2620 2627
2618 2627 2628
2617 2618 2628
2617 2628 2629
2617 2629 2630
2617 2630 2602
2630 2598 2602
2630 2631 2598
2598 2631 2595
2632 2630 2629
2625 2621 2633
2633 2634 2625
2629 2628 2635
2627 2635 2628
2629 2635 2636
2629 2636 2632
2627 2637 2635
2635 2637 2638
2635 2638 2639
2639 2636 2635
2636 2639 2640
2636 2640 2632
2631 2641 2595
2588 2595 2641
2631 2642 2641
2643 2631 2630
2630 2632 2643
2632 2640 2644
2632 2644 2643
2621 2645 2633
2621 2622 2645
2622 2646 2645
2622 2624 2646
2646 2624 2647
2624 2648 2647
2624 2623 2648
2646 2647 2649
2649 2647 2650
2650 2647 2648
2651 2648 2623
2651 2623 2615
2651 2652 2648
2653 2652 2651
2609 2653 2651
2609 2651 2606
2654 2653 2609
2654 2609 2600
2655 2652 2653
2653 2594 2655
2594 2656 2655
2594 2593 2656
2551 2656 2593
2549 2656 2551
2549 2657 2656
2657 2655 2656
2547 2657 2549
2547 2560 2657
2551 2593 2571
2597 2594 2653
2657 2658 2655
2560 2658 2657
2658 2652 2655
2658 2648 2652
2560 2650 2658
2650 2648 2658
2561 2650 2560
2561 2659 2650
2650 2659 2649
2660 2661 2662
2660 2662 2663
2662 2661 2664
2662 2664 2665
2665 2664 2666
2665 2666 2667
2668 2667 2666
2668 2669 2667
2669 2668 2670
2669 2670 2671
2663 2672 2673
2663 2673 2674
2672 2675 2676
2677 2678 2679
2680 2677 2679
2680 2681 2677
2682 2681 2680
2682 2683 2681
2682 2684 2683
2682 2685 2684
2686 2684 2685
2686 2685 2687
2686 2687 2688
2678 2689 2679
2690 2689 2678
2691 2690 2678
2692 2693 2678
2692 2678 2694
2695 2692 2694
2695 2694 2696
2695 2696 2697
2698 2678 2693
2698 2699 2678
2697 2700 2701
2702 2703 2704
2702 2704 2705
2706 2707 2703
2706 2703 2708
2709 2710 2707
2711 2704 2712
2711 2712 2713
2714 2713 2712
2714 2712 2715
2716 2717 2715
2716 2715 2718
2718 2719 2716
2718 2720 2719
2719 2721 2716
2722 2716 2721
2722 2721 2723
2723 2724 2722
2723 2725 2724
2726 2724 2725
2726 2725 2727
2719 2728 2721
2729 2730 2727
2729 2731 2730
2732 2733 2729
2732 2734 2733
2735 2736 2737
2738 2739 2740
2741 2738 2740
2741 2742 2738
2743 2744 2745
2746 2744 2743
2746 2747 2744
2748 2747 2746
2746 2749 2748
2750 2748 2749
2749 2751 2750
2750 2751 2752
2750 2752 2753
2754 2755 2756
2756 2757 2754
2758 2759 2760
2758 2760 2761
2762 2758 2761
2762 2763 2758
2764 2765 2763
2764 2763 2766
2767 2768 2769
2767 2769 2770
2768 2771 2772
2773 2774 2775
2773 2775 2776
2776 2777 2773
2778 2779 2780
2778 2780 2781
2782 2781 2780
2782 2783 2781
2782 2784 2783
2782 2785 2784
2786 2784 2785
2786 2785 2787
2786 2787 2788
2786 2788 2789
2789 2788 2790
2789 2790 2791
2790 2792 2791
2790 2793 2792
2794 2795 2796
2797 2798 2799
2797 2799 2800
2801 2802 2797
2801 2803 2802
2804 2805 2800
2804 2806 2805
2807 2808 2809
2807 2809 2810
2811 2812 2808
2811 2808 2813
2814 2815 2816
2814 2816 2817
2818 2819 2820
2818 2820 2821
2822 2823 2824
2822 2824 2825
2826 2827 2828
2826 2828 2829
2611 2605 2830
2831 2832 2833
2831 2833 2834
2831 2834 2835
2836 2837 2838
2839 2837 2836
2836 2840 2839
2836 2841 2840
2836 2842 2841
2841 2842 2843
2838 2844 2836
2844 2845 2836
2844 2846 2845
2846 2847 2845
2846 2848 2847
2848 2849 2847
2843 2850 2841
2843 2851 2850
2852 2853 2854
2852 2854 2855
2852 2855 2856
2856 2855 2857
2856 2857 2858
2857 2859 2858
2857 2860 2859
2861 2862 2863
2861 2863 2864
2865 2862 2861
2865 2861 2866
2863 2867 2864
2864 2867 2868
2867 2869 2868
2868 2869 2870
2868 2870 2871
2871 2864 2868
2871 2870 2872
2871 2872 2873
2871 2873 2866
2872 2874 2873
2872 2875 2874
2871 2866 2876
2871 2876 2864
2875 2877 2874
2875 2878 2877
2873 2879 2866
2873 2880 2879
2879 2880 2881
2880 2882 2881
2878 2883 2877
2878 2884 2883
2882 2885 2881
2882 2886 2885
2886 2887 2885
2886 2888 2887
2885 2887 2889
2885 2889 2890
2891 2885 2890
2891 2890 2892
2881 2893 2879
2893 2894 2879
2866 2879 2894
2866 2894 2865
2890 2893 2895
2894 2893 2896
2896 2893 2890
2894 2896 2897
2898 2894 2897
2899 2894 2898
2898 2900 2899
2899 2900 2901
2899 2901 2902
2903 2899 2902
2903 2904 2899
2899 2904 2894
2902 2905 2903
2902 2906 2905
2906 2907 2905
2908 2907 2906
2902 2901 2908
2902 2908 2906
2909 2901 2900
2909 2900 2910
2911 2901 2909
2911 2907 2912
2911 2912 2901
2910 2900 2913
2898 2913 2900
2910 2913 2914
2915 2914 2913
2915 2916 2914
2917 2915 2913
2917 2913 2898
2897 2917 2898
2918 2917 2897
2918 2897 2896
2918 2896 2919
2890 2919 2896
2916 2915 2920
2916 2920 2921
2922 2920 2915
2922 2915 2917
2922 2917 2918
2923 2921 2920
2923 2924 2921
2925 2924 2923
2925 2923 2926
2927 2925 2926
2928 2923 2920
2928 2920 2922
2926 2923 2928
2928 2922 2929
2926 2930 2927
2930 2926 2931
2928 2931 2926
2931 2932 2930
2890 2933 2919
2890 2889 2933
2932 2931 2934
2935 2934 2933
2933 2889 2935
2887 2935 2889
2887 2936 2935
2936 2887 2888
2936 2888 2937
2937 2938 2936
2937 2939 2938
2940 2935 2936
2940 2936 2938
2934 2935 2940
2940 2932 2934
2934 2931 2941
2941 2933 2934
2918 2933 2941
2918 2919 2933
2929 2918 2941
2929 2941 2928
2928 2941 2931
2942 2943 2939
2942 2939 2944
2945 2942 2944
2945 2944 2946
2946 2884 2945
2946 2883 2884
2947 2948 2949
2947 2949 2950
2948 2951 2949
2952 2947 2950
2952 2950 2953
2954 2955 2956
2954 2956 2957
2957 2958 2954
2957 2959 2958
2960 2961 2962
2960 2962 2963
2961 2964 2962
2960 2963 2965
2960 2965 2966
2967 2968 2969
2967 2969 2970
2968 2971 2969
2967 2970 2972
2967 2972 2973
2974 2975 2976
2977 2978 2979
2980 2981 2982
2982 2981 2983
2983 2984 2985
2985 2984 2986
2986 2984 2987
2987 2988 2989
2990 2991 2992
2992 2993 2990
2990 2993 2994
2995 2991 2990
2995 2990 2996
2994 2996 2990
2997 2998 2999
2997 2999 3000
3001 2997 3000
3001 3000 3002
3003 2998 2997
3003 3004 2998
3005 3004 3003
3005 3006 3004
3007 3005 3003
3007 3003 3008
3008 3003 2997
3008 2997 3001
3006 3009 3004
3006 3010 3009
3004 3009 3011
3004 3011 2998
2998 3011 3012
2998 3012 2999
3013 3012 3011
3011 3014 3013
3014 3011 3009
3015 3013 3014
3014 3016 3015
3017 3015 3016
3015 3017 3018
3017 3019 3018
3013 3015 3020
3018 3020 3015
3012 3013 3021
3021 3013 3022
3016 3023 3017
3010 3024 3009
3016 3014 3024
3014 3009 3024
3010 3025 3024
3016 3024 3026
3026 3023 3016
3026 3024 3025
3027 3023 3026
3028 3023 3027
3027 3029 3028
3030 3028 3029
3031 3029 3027
3025 3031 3026
3027 3026 3031
3022 3032 3021
3021 3032 3033
3021 3033 3012
3034 3012 3033
3033 3035 3034
3034 3035 3036
3035 3037 3036
3035 3038 3037
3039 3038 3035
3033 3039 3035
3039 3040 3038
3041 3036 3037
3041 3042 3036
3042 3043 3036
3034 3036 3043
3043 3044 3034
3034 3044 3012
3043 3045 3044
3042 3046 3043
3047 3045 3043
3047 3043 3046
3048 3040 3039
3048 3039 3049
3049 3039 3033
3049 3033 3032
3050 3048 3049
3050 3049 3051
3032 3051 3049
3032 3052 3051
3022 3052 3032
3053 3052 3022
3053 3022 3054
3022 3055 3054
3053 3054 3056
3057 3056 3054
3056 3057 3058
3056 3058 3059
3056 3059 3060
3060 3059 3061
3062 3060 3061
3063 3060 3062
3062 3064 3063
3056 3060 3065
3056 3065 3053
3065 3051 3052
3052 3053 3065
3065 3060 3066
3065 3066 3067
3066 3050 3067
3067 3050 3051
3051 3065 3067
3068 3069 3070
3069 3071 3070
3069 3072 3071
3073 3074 3075
3076 3075 3074
3076 3077 3075
3078 3077 3076
3078 3079 3077
3080 3079 3078
3080 3081 3079
3082 3081 3080
3082 3083 3081
3084 3085 3086
3087 3088 3089
3090 3091 3092
3093 3094 3095
3096 3095 3094
3094 3097 3096
3098 3093 3095
3099 3098 3095
3100 3099 3095
3100 3101 3099
3102 3099 3101
3102 3103 3099
3098 3104 3093
3105 3104 3098
3105 3098 3106
3107 3106 3098
3108 3107 3103
3108 3106 3107
3106 3109 3105
3110 3109 3106
3106 3111 3110
3105 3112 3104
3113 3112 3105
3113 3114 3112
3114 3115 3112
3116 3115 3114
3116 3117 3115
3118 3117 3116
3119 3118 3116
3119 3120 3118
3118 3120 3121
3118 3121 3122
3123 3112 3115
3123 3115 3117
3124 3112 3123
3124 3093 3112
3123 3117 3125
3125 3126 3123
3126 3125 3127
3127 3128 3126
3129 3125 3117
3130 3129 3122
3130 3125 3129
3116 3131 3132
3132 3133 3116
3114 3131 3116
3093 3134 3112
3135 3136 3137
3137 3138 3135
3137 3139 3138
3139 3140 3138
3139 3141 3140
3136 3135 3142
3142 3143 3136
3142 3144 3143
3144 3145 3143
3144 3146 3145
3137 3136 3147
3143 3148 3147
3148 3143 3149
3148 3149 3150
3151 3147 3148
3150 3151 3148
3151 3152 3147
3153 3152 3151
3153 3154 3152
3154 3155 3152
3154 3156 3155
3156 3157 3155
3156 3158 3157
3159 3153 3151
3159 3151 3160
3150 3160 3151
3152 3161 3147
3152 3162 3161
3162 3163 3161
3162 3164 3163
3158 3165 3166
3158 3166 3167
3165 3168 3166
3165 3169 3168
3168 3169 3170
3171 3168 3170
3166 3168 3171
3166 3171 3172
3173 3166 3172
3173 3172 3163
3171 3170 3174
3171 3174 3140
3171 3140 3175
3176 3177 3178
3176 3178 3179
3180 3177 3176
3180 3181 3177
3182 3181 3180
3182 3183 3181
3184 3179 3178
3184 3185 3179
3186 3183 3182
3186 3182 3187
3187 3188 3186
3184 3189 3185
3184 3190 3189
3136 3143 3191
