byte offset: 0
first index: 23211
index count: 7317
topology: trianglelist
format: DXGI_FORMAT_R16_UINT

926 7009 7010
7010 924 926
7010 922 924
7010 7011 922
922 7011 7012
7012 915 922
914 915 7012
7012 7013 914
914 7013 7014
7014 907 914
905 907 7014
7014 7015 905
906 905 7015
7015 7016 906
7011 7010 7017
7017 7010 7009
7017 7018 7011
7016 7015 7019
7019 7020 7016
7015 7014 7021
7021 7019 7015
7021 7014 7013
7013 7022 7021
7012 7023 7013
7023 7022 7013
7011 7018 7023
7023 7012 7011
7009 7024 7017
7025 7026 7027
7028 7026 7025
7029 7026 7028
7030 7026 7029
7031 7026 7030
7027 7026 7032
7032 7026 7033
7033 7026 7034
7034 7026 7035
7035 7026 7036
7037 1004 1006
1004 7037 7038
7039 1004 7038
1003 1004 7039
7040 7039 7038
7038 7041 7040
7038 7037 7042
7042 7041 7038
7043 7044 7045
7045 7044 7046
7047 7043 7045
7047 7045 7048
7047 7048 7049
7049 7050 7047
7046 7044 7051
7051 7052 7046
7052 7051 7053
7051 7054 7053
7053 7054 7055
7055 7056 7053
7057 7056 7055
7055 7058 7057
7059 7057 7058
7058 7060 7059
7061 7059 7060
7060 7062 7061
7061 7062 7063
7063 7064 7061
7065 7066 1073
7066 1074 1073
7066 7065 7067
1074 7066 7068
7068 1076 1074
7067 7069 7066
7069 7068 7066
7070 7069 7067
7067 7071 7070
7072 7071 7067
7067 7073 7072
7073 7067 7065
1076 7068 7074
7074 1148 1076
7068 7069 7075
7075 7074 7068
7069 7070 7075
7070 7076 7075
7077 7076 7070
7070 7078 7077
7070 7071 7079
7079 7078 7070
7080 7079 7071
7071 7072 7080
7081 7077 7078
7077 7081 7082
7082 7083 7077
7084 7083 7082
7085 7083 7084
7078 7086 7081
7078 7079 7087
7087 7086 7078
7088 7087 7079
7079 7080 7088
7089 7088 7080
7080 7090 7089
7091 7085 7084
7091 7084 7092
7093 7091 7092
7094 7091 7093
7089 7090 7094
7094 7093 7089
7072 7090 7080
7090 7072 7095
7094 7090 7095
7096 7091 7094
7096 7085 7091
7094 7097 7096
7095 7097 7094
7095 7072 7073
7073 7098 7095
7096 7097 7099
7099 7097 7095
7095 7098 7099
7098 7073 7100
7065 7100 7073
7100 7065 1073
1073 1142 7100
7100 7101 7098
7101 7099 7098
1141 7101 7100
7100 1142 1141
7099 7101 7102
1141 7102 7101
7102 1141 1139
7099 7103 7096
7096 7103 7104
7104 7105 7096
7104 7106 7105
7105 7106 7107
7076 7107 7106
7106 7075 7076
7075 7106 7108
7108 7106 7104
7108 7074 7075
7108 1148 7074
1146 1148 7108
7105 7107 7083
7083 7085 7105
7077 7083 7107
7107 7076 7077
7109 1146 7108
7104 7109 7108
7103 7109 7104
1144 1146 7109
7096 7105 7085
1140 1144 7109
7109 7110 1140
7110 7109 7103
1140 7110 7102
7102 1139 1140
7102 7110 7099
7099 7110 7103
7111 7112 7113
7113 7112 7114
7114 7112 7115
7112 7116 7115
7115 7116 7117
7118 7115 7117
7118 7117 7119
7117 7120 7119
7121 7119 7120
7120 7122 7121
7120 7123 7122
7124 7123 7120
7124 7120 7125
7126 7125 7116
7125 7126 7124
7127 7124 7126
7126 7128 7127
7127 7128 7129
7129 7130 7127
7129 7131 7130
7131 7129 7132
7131 7132 7133
7134 7131 7133
7135 7130 7131
7136 7135 7131
7135 7137 7130
7130 7137 7127
7127 7137 7124
7124 7137 7123
7133 7138 7134
7138 7139 7134
7138 7118 7139
7139 7118 7119
7134 7139 7140
7140 7139 7141
7139 7119 7141
7141 7119 7121
7142 7131 7134
7134 7140 7142
7143 7144 7145
7144 7143 7146
7147 7143 7145
7145 7148 7147
7148 7145 7111
7149 7148 7111
7149 7111 7113
7150 7149 7113
7113 7151 7150
7113 7152 7151
7152 7153 7151
7154 7153 7152
7152 7155 7154
7156 7151 7153
7153 7157 7156
7153 7158 7157
7145 7159 7111
7114 7155 7152
7152 7113 7114
7154 7160 7153
7160 7158 7153
7154 7161 7160
7161 7162 7160
7163 7162 7161
7164 7163 7161
7163 7164 7165
7165 7166 7163
7165 7164 7167
7167 7168 7165
7167 7169 7168
7169 7167 7170
7169 7170 7171
7171 7172 7169
7171 7170 7173
7174 7171 7173
7175 7174 7173
7176 7175 7173
7177 7175 7176
7177 7178 7175
7177 7176 7179
7179 7180 7177
7165 7168 7181
7169 7172 7182
7182 7172 7183
7183 7172 7184
7184 7185 7183
7184 7174 7185
7186 7183 7185
7186 7185 7187
7186 7187 7188
7186 7188 7189
7189 7188 7190
7189 7190 7166
7191 7190 7188
7192 7189 7166
7192 7166 7193
7192 7194 7189
7194 7186 7189
7183 7186 7194
7183 7195 7182
7194 7195 7183
7196 7193 7166
7166 7165 7196
7181 7196 7165
7197 7181 7168
7168 7169 7197
7169 7182 7197
7159 7198 7199
7145 7198 7159
7200 7201 7202
7201 7200 7203
7203 7204 7201
7205 7204 7203
7203 7206 7205
7207 7201 7204
7204 7208 7207
7208 7209 7207
7210 7209 7208
7208 7204 7210
7204 7205 7210
7211 7210 7205
7212 7211 7205
7212 7205 7213
7205 7214 7213
7215 7211 7212
7212 7216 7215
7217 7215 7216
7218 7215 7217
7218 7219 7215
7219 7220 7215
7211 7215 7220
7219 7221 7220
7222 7221 7219
7221 7222 7223
7223 7224 7221
7224 7220 7221
7225 7220 7224
7223 7222 7226
7226 7227 7223
7226 7222 7228
7222 7229 7228
7219 7229 7222
7229 7219 7230
7230 7219 7218
7230 7231 7229
7228 7229 7232
7229 7231 7232
7233 7223 7227
7224 7223 7233
7227 7234 7233
7235 7233 7234
7235 7236 7233
7237 7233 7236
7224 7233 7237
7236 7238 7237
7209 7224 7237
7237 7239 7209
7239 7237 7238
7240 7236 7235
7235 7241 7240
7242 7240 7241
7241 7243 7242
7242 7243 7244
7242 7244 7245
7238 7246 7239
7247 7238 7236
7236 7240 7247
7248 7247 7240
7240 7242 7248
7245 7248 7242
7246 7238 7249
7249 7238 7247
7249 7247 7248
7248 7250 7249
7251 7250 7248
7248 7245 7251
7252 7250 7251
7250 7252 7253
7253 7249 7250
7249 7253 7254
7254 7246 7249
7255 7246 7254
7254 7256 7255
7257 7255 7256
7256 7258 7257
7259 7257 7258
7258 7260 7259
7261 7259 7260
7260 7262 7261
7262 7260 7263
7264 7263 7260
7260 7258 7264
7265 7261 7262
7262 7266 7265
7267 7261 7265
7267 7259 7261
7265 7268 7267
7267 7268 7269
7269 7270 7267
7271 7262 7263
7262 7271 7266
7272 7267 7270
7267 7272 7259
7272 7257 7259
7272 7270 7273
7274 7264 7258
7256 7274 7258
7275 7274 7256
7275 7256 7254
7254 7276 7275
7276 7254 7253
7253 7277 7276
7277 7253 7252
7252 7278 7277
7278 7252 7279
7279 7252 7251
7280 7272 7273
7280 7273 7281
7257 7272 7280
7257 7280 7282
7282 7255 7257
7283 7280 7281
7284 7283 7281
7255 7285 7239
7239 7246 7255
7286 7239 7285
7286 7285 7287
7287 7285 7280
7287 7288 7286
7288 7287 7284
7289 7286 7288
7286 7289 7207
7207 7289 7290
7290 7201 7207
7286 7207 7209
7286 7209 7239
7290 7289 7291
7288 7291 7289
7291 7292 7290
7293 7290 7292
7292 7294 7293
7290 7293 7295
7290 7295 7296
7297 7294 7292
7292 7298 7297
7292 7291 7298
7291 7288 7299
7298 7291 7300
7299 7300 7291
7284 7299 7288
7296 7301 7202
7302 7224 7209
7302 7209 7210
7211 7302 7210
7220 7302 7211
7303 7304 7305
7304 7306 7305
7307 7303 7305
7308 7307 7305
7304 7309 7306
7309 7310 7306
7311 7306 7310
7310 7312 7311
7310 7313 7312
7312 7313 7314
7314 7315 7312
7311 7312 7315
7313 7310 7316
7316 7310 7309
7317 7313 7316
7316 7318 7317
7318 7316 7319
7316 7309 7319
7309 7320 7319
7320 7321 7319
7320 7322 7321
7322 7303 7307
7303 7322 7304
7322 7320 7304
7321 7322 7323
7324 7322 7307
7325 7322 7324
7325 7323 7322
7326 7325 7324
7327 7326 7324
7307 7327 7324
7326 7327 7328
7329 7326 7328
7328 7330 7329
7330 7331 7329
7332 7331 7330
7332 7330 7333
7334 7332 7333
7335 7334 7333
7336 7333 7330
7336 7335 7333
7330 7337 7336
7337 7338 7336
7308 7338 7337
7339 7308 7337
7327 7308 7339
7330 7328 7339
7330 7339 7337
7327 7339 7328
7338 7340 7336
7336 7340 7335
7334 7335 7341
7335 7342 7341
7342 7343 7341
7342 7344 7343
7344 7342 7345
7345 7335 7340
7345 7342 7335
7345 7340 7346
7347 7345 7346
7345 7347 7344
7347 7346 7348
7348 7344 7347
7346 7349 7348
7349 7350 7348
7348 7350 7351
7351 7344 7348
7350 7352 7351
7351 7352 7353
7354 7351 7353
7344 7351 7354
7344 7354 7355
7343 7344 7355
7356 7349 7346
7356 7357 7349
7340 7356 7346
7356 7340 7358
7338 7358 7340
7338 7308 7358
7356 7359 7357
7359 7356 7358
7359 7360 7357
7358 7361 7359
7360 7359 7362
7362 7359 7361
7362 7363 7360
7361 7364 7362
7365 7362 7364
7363 7362 7365
7365 7366 7363
7367 7366 7365
7365 7368 7367
7368 7365 7369
7364 7369 7365
7369 7370 7368
7370 7369 7371
7371 7372 7370
7373 7372 7371
7374 7373 7371
7375 7374 7371
7374 7375 7376
7376 7375 7377
7377 7378 7376
7376 7378 7379
7379 7380 7376
7379 7381 7380
7381 7379 7382
7381 7383 7380
7380 7383 7384
7376 7380 7384
7384 7374 7376
7373 7374 7384
7384 7385 7373
7384 7383 7386
7386 7385 7384
7387 7379 7378
7387 7382 7379
7378 7388 7387
7378 7377 7388
7382 7387 7389
7390 7389 7387
7391 7390 7387
7387 7388 7391
7391 7392 7390
7392 7391 7393
7393 7394 7392
7395 7392 7394
7394 7396 7395
7396 7394 7397
7397 7394 7398
7393 7398 7394
7398 7399 7397
7400 7399 7398
7398 7401 7400
7398 7393 7401
7401 7402 7400
7402 7401 7403
7397 7404 7396
7392 7395 7405
7405 7390 7392
7389 7390 7405
7406 7403 7401
7406 7401 7407
7407 7408 7406
7408 7409 7406
7407 7401 7393
7410 7408 7407
7391 7410 7407
7407 7393 7391
7411 7409 7408
7408 7412 7411
7413 7412 7408
7412 7413 7414
7415 7412 7414
7414 7416 7415
7415 7416 7417
7417 7416 7315
7315 7416 7311
7418 7417 7315
7418 7315 7314
7419 7418 7314
7314 7420 7419
7420 7314 7313
7313 7317 7420
7415 7421 7412
7421 7411 7412
7421 7415 7417
7422 7311 7416
7416 7414 7422
7422 7414 7413
7306 7311 7422
7422 7423 7306
7423 7422 7424
7424 7425 7423
7425 7424 7377
7377 7375 7425
7425 7375 7426
7371 7426 7375
7413 7424 7422
7413 7427 7424
7424 7427 7377
7377 7427 7388
7391 7388 7427
7427 7428 7391
7428 7427 7429
7429 7408 7428
7426 7371 7369
7369 7364 7426
7430 7426 7364
7426 7430 7425
7364 7361 7430
7431 7430 7361
7361 7358 7431
7358 7308 7431
7431 7308 7305
7431 7305 7306
7306 7423 7431
7430 7431 7423
7423 7425 7430
7307 7308 7327
7432 7433 7434
7435 7436 7162
7435 7437 7436
7438 7436 7437
7435 7143 7437
7147 7437 7143
7437 7147 7439
7158 7437 7439
7158 7439 7440
7146 7143 7435
7441 7442 7443
7443 7444 7441
7444 7443 7445
7445 7446 7444
7447 7446 7445
7445 7448 7447
7447 7448 7449
7447 7449 7450
7441 7451 7452
7450 7453 7454
7453 7455 7454
7454 7455 7456
7455 7180 7456
7180 7179 7456
7457 7458 7459
7457 7460 7458
7458 7460 7461
7460 7462 7461
7463 7459 7458
7463 7458 7461
7459 7463 7464
7461 7465 7463
7465 7466 7463
7466 7465 7467
7461 7462 7468
7462 7469 7468
7466 7467 7470
7470 7471 7466
7472 7462 7460
7460 7473 7472
7470 7467 7474
7469 7462 7475
7462 7472 7476
7468 7469 7477
7478 7468 7477
7467 7478 7474
7478 7467 7465
7477 7479 7478
7474 7478 7479
7479 7477 7480
7477 7469 7480
7481 7479 7480
7479 7482 7474
7483 7474 7482
7483 7484 7474
7482 7485 7483
7485 7482 7486
7486 7487 7485
7472 7488 7489
7490 7489 7488
7490 7491 7489
7489 7491 7492
7493 7492 7491
7494 7493 7491
7491 7495 7494
7489 7492 7472
7493 7494 7496
7494 7497 7496
7485 7496 7497
7495 7491 7498
7490 7498 7491
7498 7499 7495
7500 7499 7498
7501 7499 7500
7500 7498 7502
7502 7498 7490
7503 7502 7490
7502 7503 7504
7505 7504 7503
7503 7506 7505
7505 7459 7507
7505 7457 7459
7460 7457 7503
7503 7488 7460
7507 7459 7464
7464 7508 7507
7509 7508 7464
7464 7510 7509
7509 7510 7511
7511 7512 7509
7471 7511 7510
7510 7466 7471
7466 7510 7463
7463 7510 7464
7488 7503 7490
7513 7514 7515
7515 7516 7513
7517 7515 7514
7514 7518 7517
7519 7515 7520
7520 7521 7519
7522 7520 7515
7523 7522 7515
7469 7475 7524
7465 7461 7478
7478 7461 7468
7525 7526 7527
7527 7526 7528
7529 7527 7528
7528 7530 7529
7528 7531 7530
7531 7532 7530
7531 7533 7532
7531 7534 7533
7534 7535 7533
7535 7534 7536
7536 7534 7537
7537 7538 7536
7537 7539 7538
7539 7540 7538
7541 7529 7530
7530 7542 7541
7532 7543 7530
7544 7541 7543
7543 7545 7544
7546 7545 7543
7532 7546 7543
7545 7546 7547
7548 7545 7547
7544 7545 7548
7547 7549 7548
7547 7546 7550
7550 7551 7547
7547 7551 7549
7552 7551 7550
7550 7553 7552
7549 7551 7554
7554 7551 7552
7555 7554 7552
7550 7546 7532
7532 7533 7550
7550 7533 7556
7533 7535 7556
7544 7548 7557
7557 7548 7558
7559 7557 7558
7558 7560 7559
7561 7554 7555
7560 7562 7559
7563 7562 7560
7564 7563 7560
7563 7564 7565
7566 7563 7565
7561 7567 7565
7567 7566 7565
7567 7568 7555
7569 7562 7570
7569 7570 7571
7570 7572 7571
7573 7571 7572
7572 7574 7573
7575 7574 7572
7572 7576 7575
7572 7570 7576
7577 7575 7576
7577 7578 7575
7578 7579 7575
7579 7574 7575
7580 7577 7576
7573 7574 7581
7581 7574 7579
7581 7582 7573
7583 7573 7582
7582 7584 7583
7570 7585 7576
7586 7571 7573
7573 7583 7586
7571 7586 7569
7586 7559 7569
7585 7587 7576
7587 7580 7576
7587 7585 7588
7588 7585 7570
7589 7588 7570
7590 7589 7570
7591 7592 7584
7591 7593 7592
7592 7593 7594
7593 7595 7594
7595 7593 7596
7596 7593 7591
7596 7597 7595
7591 7581 7596
7596 7598 7597
7597 7598 7599
7600 7599 7598
7600 7598 7601
7602 7601 7598
7598 7596 7602
7601 7602 7603
7599 7604 7597
7595 7597 7604
7602 7596 7605
7605 7606 7602
7607 7594 7595
7595 7608 7607
7604 7609 7595
7610 7607 7609
7609 7611 7610
7611 7609 7604
7604 7612 7611
7600 7613 7599
7614 7599 7613
7614 7612 7604
7604 7599 7614
7578 7603 7606
7603 7615 7606
7616 7617 7618
7618 7617 7526
7526 7617 7619
7619 7620 7526
7620 7619 7537
7537 7619 7539
7620 7537 7534
7534 7531 7620
7620 7528 7526
7620 7531 7528
7621 7622 7623
7623 7622 7624
7625 7624 7622
7624 7625 7626
7626 7625 7627
7627 7628 7626
7629 7626 7628
7630 7626 7629
7626 7630 7624
7629 7631 7630
7630 7631 7632
7632 7633 7630
7630 7633 7624
7628 7634 7629
7628 7635 7634
7628 7636 7635
7627 7636 7628
7627 7637 7636
7627 7638 7637
7638 7627 7625
7638 7639 7637
7632 7631 7640
7640 7631 7641
7640 7641 7642
7642 7643 7640
7641 7644 7642
7641 7645 7644
7645 7641 7631
7644 7645 7646
7634 7646 7645
7646 7647 7644
7646 7648 7647
7646 7634 7648
7634 7635 7648
7647 7648 7649
7645 7629 7634
7631 7629 7645
7650 7647 7649
7651 7650 7649
7642 7652 7643
7653 7650 7651
7654 7653 7651
7654 7655 7653
7655 7656 7653
7657 7656 7655
7658 7657 7655
7659 7652 7657
7658 7659 7657
7660 7659 7643
7661 7662 7663
7661 7664 7662
7665 7661 7663
7665 7663 7666
7667 7664 7661
7664 7667 7668
7669 7661 7665
7661 7669 7667
7667 7669 7670
7669 7671 7670
7668 7667 7672
7672 7667 7673
7674 7672 7673
7674 7673 7675
7675 7670 7671
7676 7672 7674
7676 7677 7672
7668 7672 7677
7677 7676 7678
7678 7679 7677
7680 7677 7679
7668 7677 7680
7679 7681 7680
7668 7680 7682
7664 7668 7682
7671 7669 7683
7683 7669 7665
7665 7684 7683
7683 7685 7671
7685 7686 7671
7686 7675 7671
7686 7685 7687
7684 7665 7666
7688 7684 7666
7689 7684 7688
7683 7684 7689
7690 7689 7688
7691 7682 7680
7680 7681 7691
7682 7691 7692
7691 7693 7692
7691 7694 7693
7695 7689 7690
7689 7695 7696
7695 7697 7696
7697 7698 7696
7698 7699 7696
7700 7699 7698
7700 7687 7701
7687 7685 7701
7696 7683 7689
7685 7683 7701
7683 7696 7701
7694 7702 7681
7681 7703 7694
7703 7681 7704
7704 7681 7679
7705 7704 7679
7679 7678 7705
7622 7706 7707
7706 7708 7707
7706 7622 7709
7709 7710 7706
7638 7707 7708
7708 7711 7638
7712 7638 7711
7711 7713 7712
7625 7707 7638
7622 7707 7625
7682 7692 7714
7664 7682 7714
7662 7664 7714
7715 7716 7717
7717 7718 7715
7719 7718 7717
7717 7720 7719
7715 7718 7721
7721 7718 7722
7723 7718 7719
7718 7723 7724
7725 7726 7727
7727 7728 7725
7726 7725 7729
7729 7730 7726
7725 7731 7729
7732 7729 7731
7725 7733 7731
7725 7728 7733
7731 7734 7732
7734 7731 7735
7731 7733 7735
7735 7736 7734
7735 7737 7736
7738 7737 7735
7733 7738 7735
7738 7739 7737
7740 7728 7727
7727 7741 7740
7730 7729 7742
7742 7729 7732
7742 7743 7730
7743 7742 7744
7744 7745 7743
7744 7742 7746
7732 7746 7742
7746 7747 7744
7748 7744 7747
7748 7745 7744
7747 7749 7748
7750 7747 7746
7746 7751 7750
7752 7749 7747
7747 7750 7752
7752 7750 7753
7751 7753 7754
7751 7755 7753
7753 7756 7752
7751 7734 7755
7734 7736 7755
7746 7732 7751
7751 7732 7734
7745 7748 7757
7757 7748 7758
7759 7757 7758
7757 7759 7760
7761 7757 7760
7757 7761 7762
7761 7763 7762
7761 7764 7763
7764 7765 7763
7764 7766 7765
7764 7767 7766
7766 7767 7768
7768 7769 7766
7770 7766 7769
7765 7766 7770
7769 7771 7770
7772 7762 7763
7763 7773 7772
7765 7773 7763
7773 7774 7772
7773 7775 7774
7774 7775 7776
7777 7776 7775
7775 7778 7777
7778 7779 7777
7780 7775 7773
7775 7780 7778
7773 7765 7780
7765 7770 7780
7778 7780 7781
7780 7770 7781
7781 7770 7771
7782 7779 7778
7778 7781 7782
7783 7782 7781
7782 7783 7784
7784 7785 7782
7782 7785 7779
7781 7786 7783
7771 7786 7781
7787 7779 7785
7777 7788 7776
7789 7788 7777
7779 7789 7777
7789 7779 7787
7785 7784 7790
7790 7791 7785
7791 7787 7785
7792 7787 7791
7787 7792 7793
7787 7793 7794
7794 7795 7788
7794 7793 7795
7796 7797 7798
7797 7799 7798
7800 7797 7796
7801 7800 7796
7800 7801 7802
7803 7800 7802
7799 7797 7804
7797 7800 7804
7800 7803 7804
7760 7799 7804
7760 7759 7799
7759 7798 7799
7802 7768 7803
7768 7767 7803
7804 7803 7767
7760 7804 7761
7804 7764 7761
7764 7804 7767
7805 7796 7806
7758 7806 7759
7806 7807 7759
7808 7807 7806
7805 7809 7796
7809 7810 7796
7810 7809 7811
7809 7812 7811
7752 7756 7812
7756 7811 7813
7814 7739 7815
7814 7816 7739
7817 7814 7815
7815 7733 7817
7817 7733 7728
7728 7740 7817
7818 7819 7820
7820 7821 7818
7822 7821 7820
7820 7823 7822
7824 7818 7821
7821 7825 7824
7821 7822 7826
7826 7827 7821
7828 7829 7830
7828 7831 7829
7830 7832 7828
7833 7832 7830
7834 7833 7830
7835 7833 7834
7836 7835 7834
7836 7834 7837
7837 7838 7836
7838 7837 7839
7837 7840 7839
7839 7840 7841
7829 7831 7842
7831 7843 7842
7840 7844 7841
7844 7845 7841
7832 7833 7846
7846 7833 7835
7846 7847 7832
7846 7848 7847
7848 7846 7849
7849 7846 7850
7846 7835 7850
7849 7850 7851
7851 7852 7849
7848 7849 7852
7853 7852 7851
7854 7851 7850
7855 7854 7850
7855 7856 7854
7855 7857 7856
7858 7853 7851
7851 7854 7858
7854 7856 7858
7858 7856 7859
7836 7857 7855
7836 7838 7857
7855 7850 7835
7835 7836 7855
7848 7852 7860
7861 7858 7859
7862 7861 7859
7860 7852 7863
7864 7860 7863
7865 7861 7862
7866 7865 7862
7866 7867 7865
7867 7868 7865
7863 7869 7864
7870 7869 7867
7869 7871 7864
7869 7872 7873
7874 7875 7876
7876 7877 7874
7875 7874 7878
7878 7879 7875
7875 7879 7880
7881 7880 7879
7882 7879 7878
7878 7883 7882
7884 7879 7882
7879 7884 7881
7884 7882 7885
7885 7886 7884
7886 7887 7884
7887 7888 7884
7881 7884 7888
7888 7889 7881
7875 7880 7890
7890 7876 7875
7880 7891 7890
7891 7880 7892
7889 7892 7881
7881 7892 7880
7892 7893 7891
7894 7893 7892
7889 7894 7892
7895 7894 7889
7889 7888 7896
7896 7895 7889
7897 7885 7882
7882 7883 7897
7898 7897 7883
7883 7899 7898
7900 7898 7899
7899 7901 7900
7900 7901 7902
7903 7900 7902
7902 7904 7903
7904 7905 7903
7905 7904 7906
7907 7905 7906
7907 7906 7908
7906 7909 7908
7909 7906 7910
7902 7910 7904
7910 7906 7904
7911 7909 7910
7911 7912 7909
7912 7908 7909
7913 7912 7911
7914 7913 7911
7915 7913 7914
7914 7916 7915
7916 7914 7917
7914 7911 7917
7911 7910 7917
7917 7918 7916
7917 7899 7918
7899 7917 7919
7916 7877 7915
7874 7877 7916
7874 7916 7918
7918 7878 7874
7918 7899 7883
7883 7878 7918
7902 7919 7917
7910 7902 7920
7921 7922 7923
7923 7924 7921
7925 7926 7927
7927 7928 7925
7929 7926 7925
7925 7930 7929
7931 7927 7926
7932 7931 7926
7926 7929 7933
7933 7932 7926
7934 7624 7633
7844 7840 7935
7840 7936 7935
7936 7829 7935
7829 7842 7935
7936 7840 7837
7834 7936 7837
7830 7936 7834
7830 7829 7936
7320 7309 7304
7937 7938 7939
7939 7940 7937
7941 7938 7937
7937 7942 7941
7943 7937 7940
7940 7944 7943
7943 7945 7937
7937 7945 7946
7947 7562 7569
7948 3458 3461
3461 7949 7948
7950 7948 7949
7949 7951 7950
7952 7953 7954
7954 7955 7952
7956 7954 7953
7953 7957 7956
7958 7956 7957
7957 7959 7958
7952 7955 7960
7960 7961 7952
7959 7962 7958
7962 7959 7963
7964 7965 7966
7965 7964 7967
7968 7965 7967
7968 7967 7969
7970 7968 7969
7971 7970 7969
7972 7970 7971
7971 7973 7972
7974 7975 7976
7977 7978 7976
7976 7979 7977
7980 7979 7981
7981 7982 7980
7983 7980 7982
7982 7984 7983
7985 7983 7984
7984 7986 7985
7987 7988 7977
7987 7989 7988
7989 7987 7990
7990 7991 7989
7992 7993 7988
7991 7994 7995
7995 7996 7991
7997 7998 7999
7998 7997 8000
8000 8001 7998
8002 8001 8000
8003 8001 8004
8004 8005 8003
8006 8003 8007
8007 8008 8006
8009 8006 8008
8008 8010 8009
8011 8012 8013
8011 8014 8012
8015 8014 8011
8015 8016 8014
8017 8018 8013
8013 8019 8017
8020 8021 8022
8022 8023 8020
8024 8025 8026
8026 8027 8024
8028 8029 8030
8030 8031 8028
8031 8030 8032
8032 8033 8031
8032 8034 8033
8032 8035 8034
8035 8036 8034
8036 8035 8037
8036 8037 8038
8038 8039 8036
8029 8028 8040
8040 8041 8029
8032 8042 8035
8042 8043 8035
8043 8042 8044
8044 8045 8043
8046 8045 8044
8046 8047 8045
8046 8048 8047
8048 8049 8047
8049 8048 8050
8050 8051 8049
8050 8048 8052
8052 8053 8050
8054 8049 8051
8051 8055 8054
8056 8053 8052
8053 8056 8057
8055 8058 8054
8054 8058 8059
8060 8054 8059
8049 8060 8047
8060 8049 8054
8059 8061 8060
8055 8051 8062
8052 8063 8056
8063 8064 8056
8065 8056 8064
8057 8056 8065
8063 8052 8066
8066 8052 8048
8048 8046 8066
8067 8053 8057
8057 8068 8067
8069 8067 8068
8068 8070 8069
8067 8071 8053
8072 8071 8067
8073 8071 8072
8074 8071 8073
8075 8071 8074
8053 8071 8050
8050 8071 8075
8051 8050 8075
8076 8051 8075
8075 8077 8076
8078 8077 8075
8077 8079 8076
8076 8079 8062
8076 8062 8051
8070 8080 8069
8081 8080 8070
8070 8082 8081
8083 8078 8075
8074 8083 8075
8084 8074 8073
8073 8072 8084
8085 8074 8084
8074 8085 8083
8083 8085 8086
8086 8085 8087
8087 8085 8084
8087 8088 8086
8086 8088 8089
8086 8090 8083
8083 8090 8078
8091 8090 8086
8091 8086 8092
8092 8093 8091
8094 8093 8092
8095 8091 8093
8093 8096 8095
8092 8086 8097
8095 8096 8098
8098 8099 8095
8098 8100 8099
8100 8098 8101
8100 8102 8099
8103 8102 8100
8104 8102 8103
8105 8102 8104
8102 8106 8099
8107 8106 8102
8102 8105 8107
8107 8105 8108
8108 8105 8109
8099 8110 8095
8099 8106 8110
8079 8110 8106
8079 8106 8107
8110 8079 8077
8108 8109 8111
8111 8112 8108
8112 8107 8108
8112 8111 8113
8113 8114 8112
8112 8114 8062
8079 8107 8062
8112 8062 8107
8113 8115 8114
8115 8113 8111
8114 8115 8116
8116 8115 8117
8115 8118 8117
8118 8115 8111
8117 8118 8119
8118 8120 8119
8121 8120 8118
8111 8121 8118
8110 8077 8078
8110 8078 8090
8111 8122 8121
8055 8114 8116
8062 8114 8055
8116 8058 8055
8090 8091 8110
8110 8091 8095
8109 8122 8111
8123 8124 8125
8125 8126 8123
8126 8125 8127
8127 8128 8126
8129 8125 8124
8125 8129 8130
8127 8125 8130
8127 8130 8131
8131 8130 8132
8131 8132 8133
8134 8133 8132
8132 8135 8134
8134 8135 8136
8137 8134 8136
8138 8134 8137
8138 8133 8134
8137 8139 8138
8140 8138 8139
8138 8140 8141
8139 8142 8140
8139 8143 8142
8142 8143 8144
8143 8145 8144
8145 8146 8144
8145 8147 8146
8148 8147 8145
8145 8149 8148
8149 8145 8143
8150 8148 8149
8151 8150 8149
8150 8151 8152
8153 8152 8151
8143 8154 8149
8139 8154 8143
8155 8151 8149
8149 8154 8155
8147 8156 8146
8147 8157 8156
8156 8157 8158
8157 8159 8158
8160 8159 8157
8157 8161 8160
8147 8148 8161
8162 8160 8161
8150 8162 8148
8162 8161 8148
8163 8160 8162
8164 8163 8162
8162 8165 8164
8150 8152 8165
8165 8162 8150
8166 8153 8151
8167 8153 8166
8168 8169 8167
8167 8170 8168
8171 8169 8168
8172 8171 8168
8171 8172 8173
8173 8174 8171
8174 8173 8175
8175 8176 8174
8177 8175 8173
8178 8177 8173
8178 8179 8177
8177 8179 8180
8181 8173 8172
8173 8181 8178
8172 8182 8181
8168 8182 8172
8182 8168 8170
8183 8181 8182
8184 8181 8183
8185 8184 8183
8186 8174 8176
8174 8186 8187
8188 8186 8176
8176 8189 8188
8176 8175 8190
8190 8189 8176
8177 8190 8175
8180 8191 8177
8190 8177 8191
8180 8192 8191
8181 8193 8178
8193 8181 8184
8184 8185 8193
8193 8185 8194
8195 8193 8194
8196 8193 8195
8195 8197 8196
8197 8195 8198
8198 8199 8197
8197 8179 8196
8200 8179 8197
8200 8197 8199
8194 8201 8195
8198 8195 8201
8194 8202 8201
8201 8202 8203
8199 8204 8200
8203 8205 8201
8201 8205 8198
8203 8206 8205
8194 8207 8208
8208 8207 8209
8207 8210 8209
8210 8211 8209
8212 8210 8207
8212 8207 8213
8213 8207 8194
8214 8213 8194
8213 8215 8212
8216 8212 8215
8217 8216 8215
8217 8218 8216
8217 8215 8219
8219 8215 8220
8213 8214 8220
8220 8215 8213
8221 8219 8220
8222 8221 8220
8220 8223 8222
8224 8222 8223
8222 8224 8225
8224 8226 8225
8226 8224 8227
8227 8224 8223
8228 8227 8223
8226 8229 8225
8229 8226 8230
8229 8231 8225
8225 8231 8232
8225 8232 8222
8233 8222 8232
8222 8233 8221
8232 8234 8233
8231 8235 8232
8232 8235 8234
8236 8223 8220
8236 8228 8223
8185 8228 8236
8236 8194 8185
8228 8183 8227
8228 8185 8183
8237 8227 8183
8183 8238 8237
8136 8237 8238
8237 8136 8239
8239 8240 8237
8240 8239 8241
8241 8242 8240
8238 8137 8136
8238 8183 8182
8182 8243 8238
8170 8243 8182
8243 8154 8238
8238 8154 8137
8137 8154 8139
8240 8242 8226
8242 8230 8226
8227 8237 8240
8240 8226 8227
8170 8151 8243
8239 8136 8135
8135 8244 8239
8241 8239 8244
8244 8245 8241
8244 8135 8132
8132 8246 8244
8245 8244 8246
8130 8246 8132
8246 8247 8245
8246 8129 8247
8246 8130 8129
8248 8249 8250
8250 8251 8248
8251 8252 8248
8248 8252 8253
8252 8254 8253
8255 8254 8252
8255 8252 8256
8257 8255 8256
8256 8080 8257
8256 8252 8258
8258 8252 8259
8259 8252 8251
8255 8260 8254
8254 8260 8261
8255 8257 8262
8262 8260 8255
8257 8263 8262
8264 8263 8257
8080 8264 8257
8265 8263 8264
8265 8264 8266
8266 8264 8081
8264 8080 8081
8081 8267 8266
8080 8256 8069
8256 8258 8069
8258 8067 8069
8072 8067 8258
8259 8072 8258
8084 8072 8259
8259 8251 8084
8251 8268 8084
8087 8084 8268
8087 8268 8269
8269 8268 8251
8269 8270 8087
8251 8250 8269
8087 8270 8088
8088 8270 8271
8267 8081 8082
8272 8267 8082
8272 8082 8273
8274 8272 8273
8274 8273 8275
8275 8276 8274
8277 8274 8276
8276 8278 8277
8068 8273 8082
8082 8070 8068
8057 8275 8273
8273 8068 8057
8065 8275 8057
8276 8275 8065
8065 8279 8276
8280 8276 8279
8279 8281 8280
8282 8279 8065
8282 8283 8279
8283 8284 8279
8279 8284 8285
8284 8283 8286
8286 8287 8284
8287 8286 8288
8286 8289 8288
8289 8286 8290
8290 8291 8289
8290 8292 8291
8292 8290 8293
8292 8293 8294
8295 8294 8293
8293 8296 8295
8294 8297 8292
8298 8295 8296
8296 8299 8298
8300 8299 8296
8296 8301 8300
8301 8296 8293
8293 8290 8301
8301 8290 8286
8302 8299 8300
8300 8303 8302
8302 8303 8304
8304 8305 8302
8306 8298 8299
8299 8302 8306
8307 8306 8302
8302 8305 8307
8308 8307 8305
8305 8309 8308
8304 8303 8063
8063 8303 8064
8303 8300 8064
8064 8300 8282
8064 8282 8065
8300 8301 8283
8283 8282 8300
8301 8286 8283
8310 8309 8305
8305 8304 8310
8310 8304 8063
8066 8310 8063
8311 8310 8066
8311 8066 8046
8046 8044 8311
8044 8312 8311
8312 8044 8042
8312 8042 8032
8032 8030 8312
8310 8311 8313
8313 8309 8310
8309 8313 8314
8314 8308 8309
8312 8315 8311
8313 8311 8315
8315 8312 8029
8029 8312 8030
8041 8315 8029
8316 8315 8041
8316 8314 8313
8313 8315 8316
8317 8318 8319
8319 8320 8317
8321 8317 8320
8320 8322 8321
8322 8323 8321
8324 8323 8322
8325 8323 8324
8326 8325 8324
8327 8325 8326
8328 8327 8326
8326 8329 8328
8328 8329 8330
8330 8331 8328
8332 8331 8330
8330 8333 8332
8334 8332 8333
8333 8335 8334
8336 8337 8326
8338 8337 8336
8339 8337 8338
8338 8340 8339
8337 8339 8341
8337 8341 8342
8343 8342 8341
8343 8344 8342
8345 8343 8341
8345 8346 8343
8345 8347 8346
8347 8345 8348
8348 8349 8347
8349 8350 8347
8349 8351 8350
8352 8348 8345
8352 8345 8341
8348 8352 8353
8347 8354 8346
8347 8350 8354
8346 8354 8355
8356 8346 8355
8344 8343 8356
8343 8346 8356
8356 8355 8357
8358 8356 8357
8344 8356 8358
8359 8344 8358
8344 8359 8360
8349 8348 8361
8353 8361 8348
8361 8362 8349
8362 8361 8363
8363 8364 8362
8364 8365 8362
8364 8366 8365
8363 8361 8367
8361 8353 8367
8368 8367 8353
8353 8369 8368
8370 8363 8367
8364 8371 8366
8364 8363 8371
8372 8370 8367
8367 8373 8372
8373 8369 8374
8374 8375 8373
8375 8374 8376
8375 8376 8377
8377 8376 8378
8379 8378 8376
8380 8378 8379
8379 8381 8380
8377 8378 8382
8382 8378 8380
8382 8383 8377
8377 8383 8384
8384 8372 8373
8384 8385 8377
8373 8385 8384
8386 8376 8374
8376 8386 8387
8388 8387 8386
8388 8386 8389
8389 8386 8390
8390 8340 8389
8340 8390 8391
8391 8392 8340
8388 8389 8393
8394 8388 8393
8387 8388 8394
8393 8395 8394
8395 8393 8396
8396 8397 8395
8396 8398 8397
8397 8398 8399
8394 8400 8387
8401 8391 8390
8390 8374 8401
8352 8391 8401
8391 8352 8402
8402 8339 8391
8401 8403 8352
8396 8322 8398
8404 8322 8396
8396 8393 8404
8338 8322 8404
8338 8336 8322
8404 8340 8338
8340 8404 8389
8389 8404 8393
8374 8390 8386
8405 8219 8406
8169 8407 8408
8187 8407 8171
8174 8187 8171
8409 8171 8407
8410 8411 8412
8413 8412 8411
8410 8412 8414
8414 8415 8410
8416 8412 8413
8414 8412 8416
8417 8416 8413
8416 8418 8414
8418 8416 8419
8419 8420 8418
8421 8415 8414
8415 8421 8422
8423 8420 8419
8419 8424 8423
8410 8415 8425
8425 8426 8410
8423 8427 8420
8422 8428 8415
8415 8429 8425
8421 8430 8422
8431 8430 8421
8420 8427 8431
8431 8418 8420
8432 8430 8431
8432 8431 8427
8432 8433 8430
8430 8433 8422
8433 8432 8434
8427 8435 8432
8436 8435 8427
8436 8427 8437
8435 8436 8438
8435 8438 8439
8439 8438 8440
8441 8410 8426
8442 8443 8441
8441 8444 8442
8445 8444 8441
8441 8446 8445
8446 8447 8445
8448 8445 8447
8448 8447 8449
8450 8448 8449
8447 8451 8449
8447 8452 8451
8446 8452 8447
8451 8452 8453
8452 8454 8453
8455 8454 8452
8452 8456 8455
8446 8456 8452
8425 8455 8456
8425 8456 8457
8446 8457 8456
8454 8458 8453
8453 8458 8459
8438 8459 8458
8441 8457 8446
8411 8410 8441
8413 8411 8442
8442 8460 8413
8460 8417 8413
8461 8417 8460
8462 8417 8461
8417 8462 8463
8464 8463 8462
8462 8465 8464
8463 8464 8424
8424 8419 8463
8463 8419 8416
8416 8417 8463
8466 8467 8468
8467 8466 8469
8468 8467 8470
8470 8471 8468
8472 8467 8473
8473 8474 8472
8475 8467 8472
8467 8475 8476
8422 8477 8428
8418 8431 8414
8431 8421 8414
8478 8479 8480
8479 8481 8480
8482 8481 8479
8482 8483 8481
8483 8484 8481
8484 8483 8485
8484 8485 8486
8487 8484 8486
8487 8486 8488
8489 8487 8488
8490 8487 8489
8489 8491 8490
8478 8480 8492
8493 8478 8492
8494 8490 8491
8494 8491 8495
8496 8483 8482
8496 8497 8483
8483 8498 8485
8499 8498 8496
8499 8500 8498
8501 8498 8500
8500 8502 8501
8502 8500 8503
8503 8500 8499
8503 8504 8502
8505 8501 8502
8502 8506 8505
8506 8502 8504
8505 8506 8507
8507 8508 8505
8504 8509 8506
8509 8507 8506
8507 8509 8510
8501 8485 8498
8485 8501 8505
8485 8505 8486
8486 8505 8511
8486 8511 8488
8512 8503 8499
8512 8513 8503
8514 8513 8512
8513 8514 8515
8516 8510 8509
8514 8517 8515
8518 8515 8517
8519 8515 8518
8518 8520 8519
8521 8520 8518
8516 8520 8522
8520 8521 8522
8523 8524 8517
8523 8525 8524
8524 8525 8526
8526 8525 8527
8527 8528 8526
8528 8529 8526
8526 8529 8530
8526 8530 8524
8531 8530 8529
8532 8531 8529
8532 8529 8533
8533 8529 8528
8534 8530 8531
8527 8535 8528
8535 8533 8528
8535 8527 8536
8536 8527 8537
8537 8538 8536
8524 8530 8539
8540 8537 8527
8527 8525 8540
8525 8523 8540
8540 8523 8514
8539 8530 8541
8541 8530 8534
8541 8542 8539
8542 8524 8539
8543 8524 8542
8544 8524 8543
8538 8545 8546
8547 8546 8545
8547 8545 8548
8547 8548 8549
8549 8550 8547
8546 8547 8550
8550 8549 8551
8550 8552 8546
8553 8552 8550
8553 8554 8552
8551 8555 8550
8555 8553 8550
8555 8556 8553
8557 8556 8555
8555 8558 8557
8558 8555 8551
8559 8553 8556
8558 8551 8560
8560 8551 8549
8549 8548 8561
8561 8562 8549
8549 8563 8560
8563 8561 8564
8564 8565 8563
8563 8565 8560
8560 8565 8566
8557 8558 8567
8567 8558 8568
8568 8560 8566
8568 8558 8560
8559 8554 8569
8559 8532 8554
8570 8564 8571
8570 8571 8572
8570 8572 8566
8572 8573 8566
8573 8574 8566
8574 8575 8566
8567 8575 8576
8577 8576 8575
8578 8567 8576
8576 8579 8578
8580 8578 8581
8581 8582 8580
8583 8580 8582
8582 8584 8583
8585 8583 8584
8585 8584 8586
8587 8588 8589
8588 8590 8589
8589 8590 8591
8592 8591 8590
8593 8591 8592
8592 8594 8593
8594 8592 8595
8595 8592 8596
8590 8596 8592
8596 8597 8595
8598 8597 8596
8598 8596 8599
8599 8596 8590
8595 8600 8594
8594 8600 8601
8601 8602 8594
8594 8602 8593
8603 8593 8602
8604 8593 8603
8591 8593 8604
8604 8603 8605
8598 8606 8597
8606 8607 8597
8606 8608 8607
8609 8608 8606
8607 8608 8610
8610 8611 8607
8597 8607 8611
8610 8612 8611
8611 8612 8600
8612 8610 8613
8614 8612 8613
8612 8614 8600
8600 8614 8601
8613 8615 8614
8600 8595 8611
8611 8595 8597
8616 8615 8613
8617 8615 8616
8608 8609 8618
8617 8616 8619
8620 8617 8619
8620 8619 8621
8621 8619 8622
8623 8621 8622
8624 8621 8623
8623 8618 8625
8624 8623 8625
8626 8609 8625
8627 8628 8629
8627 8630 8628
8629 8631 8627
8631 8629 8632
8631 8632 8633
8633 8634 8631
8633 8635 8634
8635 8636 8634
8636 8635 8637
8637 8638 8636
8639 8638 8637
8639 8637 8640
8639 8640 8641
8641 8642 8639
8642 8643 8639
8643 8642 8589
8644 8589 8642
8644 8642 8645
8645 8642 8641
8646 8636 8638
8638 8604 8646
8639 8643 8604
8604 8638 8639
8645 8641 8647
8604 8643 8591
8591 8643 8589
8648 8649 8650
8649 8651 8650
8649 8652 8651
8652 8653 8651
8649 8648 8654
8648 8655 8654
8652 8649 8656
8649 8654 8656
8657 8656 8654
8656 8657 8658
8654 8655 8659
8659 8660 8654
8660 8659 8661
8661 8662 8660
8662 8658 8657
8661 8659 8663
8664 8663 8659
8659 8655 8664
8665 8663 8664
8664 8666 8665
8666 8664 8667
8667 8664 8655
8667 8668 8666
8655 8669 8667
8669 8655 8648
8670 8656 8658
8652 8656 8670
8670 8671 8652
8671 8653 8652
8671 8672 8653
8673 8672 8671
8670 8673 8671
8674 8672 8673
8667 8669 8675
8675 8668 8667
8675 8669 8676
8675 8676 8677
8678 8675 8677
8668 8679 8678
8678 8680 8668
8668 8680 8681
8681 8666 8668
8682 8666 8681
8682 8665 8666
8683 8674 8673
8673 8684 8683
8683 8684 8685
8685 8684 8686
8686 8684 8687
8688 8686 8687
8669 8689 8676
8648 8689 8669
8648 8650 8689
8688 8690 8691
8691 8690 8692
8693 8691 8692
8658 8693 8692
8658 8692 8670
8692 8690 8670
8670 8690 8684
8693 8658 8662
8684 8673 8670
8694 8695 8696
8696 8697 8694
8696 8695 8698
8698 8699 8696
8694 8700 8695
8700 8701 8695
8702 8698 8695
8703 8702 8695
8704 8705 8706
8706 8707 8704
8708 8706 8705
8705 8709 8708
8708 8710 8706
8708 8711 8710
8706 8710 8712
8712 8707 8706
8711 8713 8710
8713 8714 8710
8710 8714 8712
8713 8715 8714
8716 8714 8715
8717 8714 8716
8712 8714 8717
8716 8718 8717
8704 8707 8719
8719 8720 8704
8721 8708 8709
8721 8711 8708
8709 8722 8721
8723 8721 8722
8722 8724 8723
8725 8721 8723
8721 8725 8711
8723 8726 8725
8726 8723 8727
8727 8723 8724
8727 8728 8726
8729 8725 8726
8725 8729 8730
8726 8728 8731
8731 8729 8726
8731 8732 8729
8730 8733 8732
8732 8734 8730
8732 8731 8735
8730 8734 8713
8713 8734 8715
8725 8730 8711
8730 8713 8711
8736 8727 8724
8736 8737 8727
8738 8737 8736
8736 8739 8738
8740 8739 8736
8740 8736 8741
8740 8741 8742
8742 8743 8740
8743 8742 8744
8744 8745 8743
8746 8743 8745
8747 8746 8745
8745 8748 8747
8748 8745 8749
8749 8745 8744
8749 8750 8748
8742 8741 8751
8751 8752 8742
8744 8742 8752
8752 8751 8753
8754 8752 8753
8754 8753 8755
8754 8755 8756
8756 8757 8754
8757 8756 8758
8759 8752 8754
8754 8757 8759
8752 8759 8744
8744 8759 8749
8760 8759 8757
8759 8760 8749
8750 8749 8760
8761 8760 8757
8757 8758 8761
8761 8762 8760
8763 8762 8761
8761 8764 8763
8758 8764 8761
8762 8765 8760
8760 8765 8750
8764 8758 8766
8756 8755 8767
8768 8756 8767
8758 8756 8768
8768 8766 8758
8769 8763 8764
8764 8770 8769
8766 8770 8764
8766 8771 8770
8772 8771 8766
8766 8773 8772
8772 8773 8774
8773 8767 8774
8775 8774 8776
8776 8777 8775
8776 8778 8777
8777 8778 8779
8779 8778 8780
8780 8781 8779
8781 8780 8782
8782 8783 8781
8784 8783 8782
8782 8785 8784
8786 8784 8785
8786 8787 8784
8786 8788 8787
8789 8788 8786
8788 8789 8790
8789 8791 8790
8792 8793 8794
8794 8793 8795
8796 8792 8794
8797 8792 8796
8796 8798 8797
8799 8798 8796
8795 8800 8794
8794 8800 8796
8796 8800 8799
8739 8800 8795
8739 8795 8738
8738 8795 8793
8798 8799 8747
8747 8799 8746
8800 8746 8799
8739 8740 8800
8800 8740 8743
8743 8746 8800
8801 8802 8792
8801 8792 8803
8803 8792 8804
8737 8738 8802
8804 8805 8803
8805 8806 8803
8738 8807 8802
8808 8802 8807
8731 8806 8735
8735 8809 8805
8810 8811 8718
8718 8812 8810
8811 8810 8813
8813 8712 8811
8707 8712 8813
8813 8719 8707
8814 8815 8816
8816 8817 8814
8816 8815 8818
8818 8819 8816
8815 8814 8820
8815 8820 8821
8815 8822 8818
8822 8815 8823
8824 8825 8826
8826 8825 8827
8824 8826 8828
8828 8826 8829
8829 8830 8828
8827 8831 8826
8831 8829 8826
8832 8831 8827
8833 8829 8831
8833 8834 8829
8835 8827 8825
8830 8833 8372
8372 8833 8370
8830 8372 8836
8836 8372 8384
8830 8836 8837
8831 8363 8833
8833 8363 8370
8371 8363 8831
8371 8827 8838
8366 8832 8838
8839 8830 8837
8839 8837 8840
8840 8837 8841
8842 8840 8841
8843 8840 8842
8844 8843 8842
8845 8844 8842
8844 8845 8846
8846 8845 8382
8380 8846 8382
8360 8847 8337
8337 8342 8360
8344 8360 8342
8349 8362 8848
8362 8365 8848
8849 8850 8851
8851 8852 8849
8851 8850 8853
8853 8854 8851
8855 8850 8849
8856 8850 8855
8850 8856 8857
8857 8853 8850
8161 8858 8147
8599 8590 8859
8860 8861 8490
8490 8494 8860
8480 8861 8860
8860 8492 8480
8861 8487 8490
8861 8484 8487
8480 8481 8861
8481 8484 8861
8047 8862 8045
8862 8047 8060
8863 8045 8862
8045 8863 8043
8035 8043 8863
8863 8037 8035
8864 8862 8060
8060 8061 8864
8038 8037 8863
8863 8865 8038
8862 8865 8863
8865 8862 8864
8866 8141 8867
8141 8866 8138
8866 8133 8138
8866 8131 8133
8868 8131 8866
8867 8868 8866
8127 8131 8868
8868 8869 8127
8127 8869 8870
8870 8128 8127
8871 8872 8873
8873 8874 8871
8874 8875 8871
8871 8875 8876
8872 8871 8877
8877 8878 8872
8877 8871 8879
8880 8879 8871
8881 8523 8517
8522 8510 8882
